loss
0.6982822238582455
0.6881455252910482
0.6637118323095914
0.5549383907482541
0.48592521363291247
0.45312795104651615
0.4327214580157707
0.41792721583925446
0.4039227553482713
0.39511772270860346
0.38307656296368303
0.37587059530718575
0.36721287503324707
0.35974240035846317
0.35195600452094244
0.3454938078748769
0.3375751174729446
0.3333648902588877
0.32743380881589035
0.32280597429851005
0.3169861436917864
0.31050348076327094
0.3041422180060683
0.3004621588978274
0.2973603231125864
0.29158067138030613
0.28021595097821334
0.27767412138396297
0.27112119218398784
0.2689236469309905
0.258162323462552
0.25166919406118066
0.24751183092594148
0.2440166594653294
0.2360099729792825
0.22976918775459815
