********************************************************************************
STREME - Sensitive, Thorough, Rapid, Enriched Motif Elicitation
********************************************************************************
MEME version 5.3.0 (Release date: Wed Nov 25 19:19:29 2020 -0800)

For further information on how to interpret please access http://meme-suite.org.
To get a copy of the MEME Suite software please access http://meme-suite.org.

********************************************************************************


********************************************************************************
REFERENCE
********************************************************************************
If you use this program in your research, please cite:

Timothy L. Bailey,
"STREME: Accurate and versatile sequence motif discovery",
bioRxiv, (preprint), Nov. 23, 2020.
********************************************************************************


ALPHABET= ACGT

strands: + -

Background letter frequencies
A 0.279 C 0.221 G 0.221 T 0.279 

MOTIF 1-ASWCCAGCCTGGGCRACA STREME-1
letter-probability matrix: alength= 4 w= 18 nsites= 1396 P= 2.4e-039
 0.961971 0.016890 0.015203 0.005936
 0.007622 0.593312 0.369520 0.029546
 0.357723 0.009301 0.009302 0.623675
 0.021113 0.922334 0.027851 0.028702
 0.000877 0.950156 0.000027 0.048940
 0.985579 0.000027 0.007615 0.006779
 0.029544 0.005929 0.961121 0.003406
 0.012682 0.937511 0.008458 0.041349
 0.022800 0.937511 0.010144 0.029545
 0.005093 0.017733 0.005086 0.972089
 0.049780 0.017733 0.920649 0.011838
 0.083531 0.004243 0.896173 0.016054
 0.050625 0.216050 0.720643 0.012681
 0.028702 0.686043 0.013517 0.271738
 0.577985 0.008458 0.406777 0.006779
 0.950167 0.010988 0.031223 0.007622
 0.021113 0.891137 0.027008 0.060742
 0.945108 0.010988 0.036282 0.007622

MOTIF 2-CTGTAATCCCAGCWMYTTGGG STREME-2
letter-probability matrix: alength= 4 w= 21 nsites= 1190 P= 2.8e-034
 0.012074 0.931374 0.008363 0.048189
 0.005593 0.020400 0.003733 0.970274
 0.089855 0.012067 0.892485 0.005593
 0.006519 0.029659 0.003733 0.960089
 0.956385 0.012067 0.028733 0.002815
 0.737838 0.004659 0.250984 0.006519
 0.009297 0.023178 0.000030 0.967496
 0.014852 0.917488 0.020400 0.047260
 0.012074 0.894334 0.002807 0.090784
 0.007445 0.914706 0.000030 0.077819
 0.970274 0.001881 0.018548 0.009296
 0.065782 0.004659 0.925818 0.003741
 0.018556 0.918414 0.010215 0.052816
 0.496114 0.010215 0.013918 0.479753
 0.474198 0.484994 0.022252 0.018556
 0.003741 0.476042 0.004659 0.515558
 0.008371 0.026882 0.013918 0.950829
 0.024112 0.300092 0.025956 0.649840
 0.193595 0.021326 0.763745 0.021334
 0.072260 0.007437 0.907302 0.013000
 0.066705 0.000955 0.922117 0.010222

MOTIF 3-CYGTCTCWAAAAAAAAAA STREME-3
letter-probability matrix: alength= 4 w= 18 nsites= 1246 P= 1.9e-030
 0.001850 0.929152 0.008191 0.060806
 0.013641 0.511680 0.008192 0.466487
 0.264834 0.008191 0.711519 0.015456
 0.010013 0.023987 0.000029 0.965971
 0.010013 0.960899 0.010006 0.019083
 0.004571 0.008191 0.003657 0.983581
 0.034502 0.928248 0.004564 0.032687
 0.615202 0.016354 0.010913 0.357531
 0.946925 0.009098 0.033057 0.010920
 0.652387 0.301292 0.016354 0.029966
 0.711339 0.020889 0.019982 0.247790
 0.943675 0.025423 0.014540 0.016361
 0.942768 0.014540 0.022703 0.019989
 0.930977 0.024517 0.024517 0.019989
 0.925536 0.024517 0.015447 0.034500
 0.926443 0.010005 0.032680 0.030872
 0.689572 0.021796 0.019075 0.269557
 0.910118 0.028144 0.012726 0.049012

MOTIF 4-AGGCTGAGGCRGGAGRATCR STREME-4
letter-probability matrix: alength= 4 w= 20 nsites= 1137 P= 9.9e-030
 0.971863 0.000031 0.023233 0.004873
 0.046444 0.002931 0.949620 0.001006
 0.031942 0.003898 0.952520 0.011640
 0.002939 0.950587 0.003898 0.042576
 0.013574 0.310383 0.008732 0.667312
 0.173096 0.005831 0.817167 0.003906
 0.988298 0.000998 0.010665 0.000039
 0.052245 0.000031 0.941885 0.005839
 0.057079 0.007765 0.928350 0.006806
 0.020341 0.682776 0.012599 0.284285
 0.576432 0.008732 0.401263 0.013573
 0.059979 0.027101 0.897413 0.015507
 0.052245 0.004865 0.942852 0.000039
 0.659574 0.177924 0.008732 0.153770
 0.127657 0.000998 0.866472 0.004873
 0.445909 0.004865 0.549187 0.000039
 0.988298 0.008732 0.000998 0.001972
 0.011640 0.033868 0.009698 0.944794
 0.029042 0.714620 0.080327 0.176010
 0.530883 0.030969 0.407172 0.030977

MOTIF 5-CCACCAYGCCYRGCYA STREME-5
letter-probability matrix: alength= 4 w= 16 nsites= 936 P= 6.0e-029
 0.007075 0.969412 0.002380 0.021133
 0.001218 0.967070 0.003551 0.028160
 0.979964 0.004723 0.015265 0.000047
 0.009418 0.935441 0.000037 0.055104
 0.005904 0.824841 0.011066 0.158189
 0.684278 0.005894 0.296895 0.012932
 0.007075 0.613253 0.010580 0.369092
 0.274181 0.016437 0.702307 0.007075
 0.000047 0.942469 0.008237 0.049247
 0.003561 0.975269 0.000037 0.021132
 0.019961 0.626138 0.004723 0.349178
 0.340967 0.000037 0.656606 0.002390
 0.039875 0.005894 0.954183 0.000047
 0.010590 0.968241 0.008237 0.012932
 0.012932 0.381924 0.014094 0.591049
 0.690137 0.109465 0.048064 0.152334

MOTIF 6-CTTGARCCCRGGAGKY STREME-6
letter-probability matrix: alength= 4 w= 16 nsites= 1069 P= 1.7e-028
 0.000041 0.948837 0.002074 0.049047
 0.026585 0.163492 0.069463 0.740460
 0.003104 0.018409 0.010242 0.968246
 0.037814 0.000033 0.950882 0.011271
 0.988664 0.000033 0.011262 0.000041
 0.498416 0.006158 0.495385 0.000041
 0.015355 0.662811 0.269726 0.052108
 0.009229 0.749615 0.003095 0.238060
 0.018417 0.786469 0.008200 0.186914
 0.633298 0.011262 0.345189 0.010250
 0.050066 0.011262 0.925359 0.013313
 0.043940 0.003095 0.942714 0.010250
 0.989685 0.002074 0.005137 0.003104
 0.067422 0.007179 0.917190 0.008208
 0.017396 0.019430 0.548434 0.414740
 0.006166 0.390165 0.015346 0.588322

MOTIF 7-GCAGTGAGCCRAGATCRYGCC STREME-7
letter-probability matrix: alength= 4 w= 21 nsites= 780 P= 3.1e-020
 0.029078 0.002948 0.944700 0.023274
 0.002960 0.944700 0.002948 0.049391
 0.918595 0.016007 0.052281 0.013117
 0.055196 0.011654 0.927288 0.005862
 0.004411 0.021811 0.008752 0.965026
 0.031980 0.008752 0.949053 0.010215
 0.989692 0.001497 0.007301 0.001509
 0.036333 0.013105 0.949053 0.001509
 0.004411 0.960661 0.004399 0.030529
 0.033431 0.644333 0.033419 0.288818
 0.327994 0.018909 0.650137 0.002960
 0.870712 0.014556 0.004399 0.110333
 0.029078 0.011654 0.938896 0.020372
 0.946163 0.014556 0.027615 0.011666
 0.005862 0.033419 0.001497 0.959222
 0.030529 0.682062 0.055185 0.232224
 0.336707 0.026164 0.612405 0.024725
 0.016019 0.592089 0.033419 0.358473
 0.293169 0.026164 0.671903 0.008764
 0.018921 0.918583 0.011654 0.050843
 0.014568 0.941798 0.004399 0.039235

MOTIF 8-AAAAAAAAAAAAAAANAAA STREME-8
letter-probability matrix: alength= 4 w= 19 nsites= 1938 P= 1.2e-012
 0.987229 0.012729 0.000018 0.000023
 0.999940 0.000018 0.000018 0.000023
 0.919969 0.000018 0.048790 0.031222
 0.547476 0.142151 0.186130 0.124243
 0.760049 0.149201 0.024284 0.066466
 0.768256 0.083219 0.082638 0.065888
 0.931475 0.000018 0.068483 0.000023
 0.628940 0.140995 0.114827 0.115239
 0.936963 0.024285 0.024862 0.013890
 0.770569 0.096504 0.132326 0.000601
 0.716834 0.104596 0.078017 0.100553
 0.497835 0.151394 0.222484 0.128287
 0.964119 0.009263 0.002907 0.023711
 0.871608 0.102283 0.022620 0.003490
 0.873171 0.007529 0.087500 0.031800
 0.316217 0.199203 0.316337 0.168243
 0.681749 0.118004 0.082879 0.117369
 0.660661 0.103842 0.102108 0.133389
 0.739114 0.107084 0.062526 0.091276

MOTIF 9-GAGYGAGAC STREME-9
letter-probability matrix: alength= 4 w= 9 nsites= 885 P= 4.0e-010
 0.010419 0.031438 0.865612 0.092530
 0.976028 0.023788 0.000081 0.000103
 0.019292 0.007205 0.969467 0.004035
 0.000103 0.658325 0.000081 0.341491
 0.192975 0.000081 0.795010 0.011934
 0.980292 0.001633 0.005965 0.012110
 0.100248 0.000081 0.899568 0.000103
 0.988746 0.000081 0.005027 0.006146
 0.005560 0.994256 0.000081 0.000103

MOTIF 10-GAAASTGAAA STREME-10
letter-probability matrix: alength= 4 w= 10 nsites= 952 P= 6.8e-008
 0.000248 0.000196 0.999308 0.000248
 0.841367 0.050914 0.095270 0.012450
 0.973322 0.000196 0.000196 0.026285
 0.999359 0.000196 0.000196 0.000248
 0.087968 0.566631 0.325203 0.020199
 0.144042 0.009192 0.011177 0.835589
 0.023354 0.000196 0.952343 0.024107
 0.900175 0.075312 0.013137 0.011376
 0.857252 0.009171 0.095412 0.038165
 0.976466 0.023090 0.000196 0.000248

MOTIF 11-GGTTTCACCA STREME-11
letter-probability matrix: alength= 4 w= 10 nsites= 268 P= 1.9e-007
 0.000188 0.000149 0.999476 0.000188
 0.000188 0.000149 0.999476 0.000188
 0.000188 0.000149 0.000149 0.999515
 0.000188 0.000149 0.000149 0.999515
 0.000188 0.000149 0.000149 0.999515
 0.000188 0.999476 0.000149 0.000188
 0.934125 0.000149 0.065539 0.000188
 0.000188 0.999476 0.000149 0.000188
 0.000188 0.991648 0.007977 0.000188
 0.892369 0.000149 0.107295 0.000188

MOTIF 12-CATTTTACAGATGARGAAAC STREME-12
letter-probability matrix: alength= 4 w= 20 nsites= 277 P= 7.5e-007
 0.012660 0.782996 0.000133 0.204211
 0.874642 0.058431 0.037610 0.029317
 0.066794 0.062595 0.033446 0.837164
 0.000168 0.025118 0.000133 0.974582
 0.004332 0.037611 0.029282 0.928776
 0.004332 0.187521 0.025118 0.783030
 0.862150 0.004297 0.091744 0.041809
 0.058466 0.708040 0.070924 0.162570
 0.949597 0.004297 0.020954 0.025152
 0.212540 0.037610 0.733026 0.016824
 0.833000 0.008461 0.091744 0.066794
 0.087615 0.050103 0.037610 0.824672
 0.212540 0.000133 0.753846 0.033481
 0.766374 0.041775 0.100072 0.091779
 0.316644 0.020954 0.628921 0.033481
 0.237525 0.029282 0.674727 0.058466
 0.978746 0.000133 0.012625 0.008496
 0.878806 0.041775 0.045939 0.033481
 0.841329 0.058431 0.075088 0.025153
 0.054302 0.695549 0.058431 0.191719

MOTIF 13-GCACATAGTAGGTRC STREME-13
letter-probability matrix: alength= 4 w= 15 nsites= 133 P= 7.3e-006
 0.201638 0.038963 0.673911 0.085487
 0.031284 0.859750 0.000247 0.108718
 0.852072 0.031220 0.000247 0.116461
 0.008055 0.813292 0.000247 0.178406
 0.968222 0.015733 0.000247 0.015798
 0.031285 0.139626 0.093166 0.735923
 0.898532 0.000247 0.054450 0.046771
 0.039028 0.000247 0.960414 0.000312
 0.023541 0.038963 0.000247 0.937249
 0.999194 0.000247 0.000247 0.000312
 0.279069 0.023477 0.681656 0.015798
 0.131949 0.038963 0.743601 0.085487
 0.116460 0.209315 0.054450 0.619775
 0.480395 0.069937 0.433870 0.015798
 0.023541 0.759088 0.077680 0.139690

MOTIF 14-AGGAAGTG STREME-14
letter-probability matrix: alength= 4 w= 8 nsites= 2117 P= 1.2e-005
 0.863591 0.102592 0.033677 0.000140
 0.000140 0.005756 0.993964 0.000140
 0.000140 0.000111 0.976101 0.023648
 0.999639 0.000111 0.000111 0.000140
 0.900995 0.035189 0.000111 0.063705
 0.164577 0.000111 0.835173 0.000140
 0.043677 0.014425 0.083646 0.858253
 0.097673 0.079120 0.798959 0.024248

MOTIF 15-ACACACACAYACA STREME-15
letter-probability matrix: alength= 4 w= 13 nsites= 533 P= 3.9e-005
 0.871687 0.000107 0.075132 0.053075
 0.049281 0.644745 0.000107 0.305868
 0.966182 0.030229 0.003454 0.000135
 0.009310 0.677005 0.033576 0.280108
 0.873242 0.000107 0.126516 0.000135
 0.000135 0.715487 0.079444 0.204935
 0.973095 0.008357 0.000107 0.018441
 0.000135 0.812736 0.000107 0.187022
 0.905373 0.070160 0.024333 0.000135
 0.023602 0.394977 0.000107 0.581313
 0.900780 0.011251 0.087834 0.000135
 0.000135 0.905993 0.000107 0.093765
 0.937208 0.062551 0.000107 0.000135

MOTIF 16-ATTTTTAAAA STREME-16
letter-probability matrix: alength= 4 w= 10 nsites= 835 P= 7.3e-005
 0.934266 0.000259 0.065147 0.000327
 0.087706 0.000259 0.000259 0.911775
 0.000327 0.041467 0.024332 0.933874
 0.097097 0.000259 0.000259 0.902384
 0.000327 0.000259 0.040131 0.959283
 0.000327 0.000259 0.000259 0.999154
 0.830573 0.000259 0.000259 0.168908
 0.999154 0.000259 0.000259 0.000327
 0.855233 0.000259 0.045166 0.099341
 0.828778 0.009288 0.000259 0.161674

MOTIF 17-CCACCTCC STREME-17
letter-probability matrix: alength= 4 w= 8 nsites= 2808 P= 1.0e-004
 0.000208 0.967034 0.000165 0.032594
 0.005224 0.733460 0.081271 0.180045
 0.680869 0.000165 0.318758 0.000208
 0.027957 0.889113 0.000165 0.082765
 0.047507 0.701574 0.030612 0.220307
 0.188576 0.000165 0.063581 0.747678
 0.156134 0.843493 0.000165 0.000208
 0.000208 0.999420 0.000165 0.000208

MOTIF 18-VTGASTCAB STREME-18
letter-probability matrix: alength= 4 w= 9 nsites= 1112 P= 1.7e-004
 0.407061 0.227544 0.269042 0.096353
 0.000222 0.000176 0.000176 0.999427
 0.000222 0.000176 0.667368 0.332235
 0.999427 0.000176 0.000176 0.000222
 0.000222 0.499778 0.499778 0.000222
 0.000222 0.000176 0.000176 0.999427
 0.332235 0.667368 0.000176 0.000222
 0.999427 0.000176 0.000176 0.000222
 0.096353 0.269042 0.227544 0.407061

MOTIF 19-CCCCACCCCC STREME-19
letter-probability matrix: alength= 4 w= 10 nsites= 707 P= 1.8e-004
 0.009089 0.983358 0.000262 0.007291
 0.017108 0.968889 0.005210 0.008793
 0.004808 0.989869 0.001383 0.003940
 0.020962 0.957224 0.012908 0.008906
 0.790385 0.000100 0.137061 0.072454
 0.047018 0.855589 0.076530 0.020862
 0.009867 0.958729 0.017676 0.013728
 0.019899 0.943520 0.015544 0.021037
 0.087606 0.871169 0.021155 0.020070
 0.069096 0.850162 0.066806 0.013936

MOTIF 20-CCCCTCCC STREME-20
letter-probability matrix: alength= 4 w= 8 nsites= 2201 P= 1.4e-003
 0.000299 0.726901 0.000237 0.272563
 0.000299 0.999166 0.000237 0.000299
 0.000299 0.999166 0.000237 0.000299
 0.072810 0.744502 0.000237 0.182451
 0.000299 0.000237 0.329598 0.669867
 0.000299 0.999166 0.000237 0.000299
 0.000299 0.999166 0.000237 0.000299
 0.000299 0.999166 0.000237 0.000299

MOTIF 21-AATAAATR STREME-21
letter-probability matrix: alength= 4 w= 8 nsites= 4489 P= 1.5e-003
 0.926219 0.000175 0.011866 0.061741
 0.826625 0.000175 0.077964 0.095237
 0.000220 0.000175 0.000175 0.999431
 0.876113 0.000175 0.123492 0.000220
 0.822762 0.066668 0.000175 0.110395
 0.715990 0.222950 0.042580 0.018480
 0.000220 0.068843 0.000175 0.930762
 0.629375 0.000175 0.370230 0.000220

MOTIF 22-GCGTGAGCCACYGYRCC STREME-22
letter-probability matrix: alength= 4 w= 17 nsites= 135 P= 1.9e-003
 0.032284 0.016236 0.951158 0.000322
 0.000322 0.687462 0.000255 0.311961
 0.272008 0.000255 0.727415 0.000322
 0.024294 0.000255 0.000255 0.975197
 0.048266 0.056190 0.847278 0.048266
 0.991178 0.008245 0.000255 0.000322
 0.032285 0.000255 0.967139 0.000322
 0.016303 0.895222 0.000255 0.088220
 0.000322 0.943167 0.016236 0.040275
 0.927252 0.032218 0.040209 0.000322
 0.000322 0.935176 0.016236 0.048266
 0.000322 0.327877 0.056189 0.615612
 0.256028 0.000255 0.719423 0.024294
 0.048266 0.599563 0.024227 0.327943
 0.375885 0.032218 0.535641 0.056257
 0.032285 0.775362 0.024227 0.168126
 0.000322 0.855267 0.072172 0.072240

MOTIF 23-ATAATAATAAT STREME-23
letter-probability matrix: alength= 4 w= 11 nsites= 173 P= 2.9e-003
 0.957344 0.000316 0.005265 0.037075
 0.000398 0.034474 0.000316 0.964812
 0.814574 0.041828 0.067639 0.075959
 0.892560 0.049798 0.057244 0.000398
 0.000398 0.000316 0.000316 0.998970
 0.913979 0.000316 0.029088 0.056618
 0.919140 0.070856 0.009606 0.000398
 0.119253 0.000316 0.000316 0.880115
 0.998970 0.000316 0.000316 0.000398
 0.777671 0.030017 0.158072 0.034240
 0.108495 0.011886 0.000316 0.879304

MOTIF 24-AATAGCCAA STREME-24
letter-probability matrix: alength= 4 w= 9 nsites= 75 P= 5.8e-003
 0.934445 0.020100 0.020100 0.025355
 0.934445 0.020100 0.020100 0.025355
 0.025355 0.020100 0.020100 0.934445
 0.934445 0.020100 0.020100 0.025355
 0.025355 0.020100 0.929191 0.025355
 0.025355 0.929191 0.020100 0.025355
 0.025355 0.929191 0.020100 0.025355
 0.934445 0.020100 0.020100 0.025355
 0.934445 0.020100 0.020100 0.025355

MOTIF 25-CCCAAGGTCA STREME-25
letter-probability matrix: alength= 4 w= 10 nsites= 284 P= 7.7e-003
 0.004237 0.852852 0.061758 0.081153
 0.030521 0.899210 0.004823 0.065446
 0.005238 0.962199 0.004823 0.027740
 0.888350 0.071070 0.034754 0.005825
 0.926453 0.014407 0.042139 0.017001
 0.039968 0.042020 0.911721 0.006291
 0.011872 0.042201 0.944684 0.001243
 0.000593 0.036364 0.021140 0.941903
 0.011422 0.900912 0.006514 0.081153
 0.926959 0.002792 0.059246 0.011003

MOTIF 26-AACAACAACAACAAA STREME-26
letter-probability matrix: alength= 4 w= 15 nsites= 60 P= 7.8e-003
 0.852189 0.000664 0.000664 0.146484
 0.872995 0.000664 0.000664 0.125677
 0.000837 0.914436 0.000664 0.084063
 0.956222 0.042277 0.000664 0.000837
 0.956222 0.000664 0.042277 0.000837
 0.000837 0.956049 0.000664 0.042451
 0.872996 0.000664 0.000664 0.125677
 0.768963 0.000664 0.229536 0.000837
 0.000837 0.872823 0.000664 0.125677
 0.997835 0.000664 0.000664 0.000837
 0.935413 0.000664 0.063086 0.000837
 0.103117 0.895382 0.000664 0.000837
 0.997835 0.000664 0.000664 0.000837
 0.997835 0.000664 0.000664 0.000837
 0.706532 0.208741 0.000664 0.084064

MOTIF 27-AGGAAACCAAG STREME-27
letter-probability matrix: alength= 4 w= 11 nsites= 419 P= 1.0e-002
 0.885712 0.064272 0.018773 0.031243
 0.031369 0.072283 0.834275 0.062073
 0.030632 0.031663 0.838893 0.098812
 0.772170 0.072477 0.022005 0.133349
 0.772607 0.042795 0.015799 0.168800
 0.784830 0.033466 0.066699 0.115005
 0.000158 0.926926 0.053166 0.019750
 0.033091 0.800987 0.102022 0.063900
 0.782520 0.050271 0.092566 0.074643
 0.807989 0.099539 0.044520 0.047952
 0.010851 0.067267 0.911599 0.010284

MOTIF 28-AACCACAG STREME-28
letter-probability matrix: alength= 4 w= 8 nsites= 1360 P= 1.1e-002
 0.807288 0.000471 0.191648 0.000594
 0.998465 0.000471 0.000471 0.000594
 0.000594 0.998342 0.000471 0.000594
 0.000594 0.969751 0.029062 0.000594
 0.894435 0.000471 0.104500 0.000594
 0.000594 0.998342 0.000471 0.000594
 0.881701 0.034960 0.082746 0.000594
 0.124052 0.000471 0.874883 0.000594

MOTIF 29-ACAACATGGATGAACCTTGA STREME-29
letter-probability matrix: alength= 4 w= 20 nsites= 95 P= 1.1e-002
 0.844267 0.000379 0.142992 0.012362
 0.000478 0.844168 0.047917 0.107437
 0.915574 0.012263 0.047916 0.024246
 0.844267 0.000379 0.131107 0.024247
 0.000478 0.879821 0.000379 0.119321
 0.891805 0.012263 0.083570 0.012362
 0.000478 0.131106 0.012263 0.856152
 0.048015 0.000379 0.951128 0.000478
 0.083668 0.000379 0.856053 0.059900
 0.856151 0.024148 0.107339 0.012362
 0.000478 0.000379 0.107339 0.891804
 0.083669 0.000379 0.903590 0.012362
 0.868036 0.047916 0.036032 0.048016
 0.832382 0.000379 0.166760 0.000478
 0.036131 0.760978 0.095454 0.107437
 0.000478 0.772863 0.024148 0.202511
 0.024247 0.166760 0.047916 0.761077
 0.143091 0.214297 0.107338 0.535274
 0.321356 0.000379 0.654018 0.024247
 0.808614 0.047916 0.142992 0.000478

MOTIF 30-CATCACAGCCGCG STREME-30
letter-probability matrix: alength= 4 w= 13 nsites= 79 P= 1.1e-002
 0.028511 0.900609 0.056343 0.014536
 0.830854 0.042369 0.084292 0.042486
 0.028511 0.042369 0.042369 0.886751
 0.000562 0.928559 0.056343 0.014536
 0.760982 0.028394 0.154164 0.056460
 0.000562 0.984455 0.000446 0.014536
 0.760982 0.168139 0.042369 0.028511
 0.014536 0.042369 0.942532 0.000562
 0.070434 0.886635 0.000446 0.042485
 0.090210 0.629293 0.084292 0.196206
 0.112357 0.126216 0.690992 0.070435
 0.070435 0.760864 0.098266 0.070435
 0.034310 0.042369 0.755064 0.168257

MOTIF 31-CATTTCTATC STREME-31
letter-probability matrix: alength= 4 w= 10 nsites= 343 P= 1.4e-002
 0.059794 0.882965 0.022755 0.034486
 0.796055 0.015178 0.153651 0.035116
 0.000497 0.000346 0.011181 0.987976
 0.017129 0.000842 0.028084 0.953946
 0.043777 0.011242 0.008000 0.936980
 0.032943 0.940791 0.019670 0.006596
 0.004159 0.073812 0.107357 0.814672
 0.897650 0.030484 0.019576 0.052290
 0.064400 0.156329 0.039494 0.739777
 0.111228 0.789779 0.049348 0.049645

MOTIF 32-AGTGACTT STREME-32
letter-probability matrix: alength= 4 w= 8 nsites= 1613 P= 1.4e-002
 0.775302 0.067830 0.020948 0.135920
 0.105466 0.096865 0.772158 0.025512
 0.000544 0.013956 0.000431 0.985069
 0.055651 0.021850 0.857612 0.064887
 0.958829 0.000431 0.000431 0.040309
 0.000544 0.998480 0.000431 0.000544
 0.094395 0.024332 0.039182 0.842092
 0.040501 0.079708 0.000431 0.879360

MOTIF 33-ACTGCACTCCAGC STREME-33
letter-probability matrix: alength= 4 w= 13 nsites= 88 P= 1.6e-002
 0.986229 0.000398 0.000398 0.012975
 0.012975 0.886322 0.000398 0.100304
 0.000502 0.037820 0.000398 0.961281
 0.025449 0.000398 0.948704 0.025449
 0.000502 0.986125 0.012871 0.000502
 0.948808 0.025345 0.000398 0.025449
 0.000502 0.948702 0.000398 0.050399
 0.000502 0.000398 0.000398 0.998702
 0.000502 0.948702 0.050295 0.000502
 0.000502 0.948702 0.000398 0.050399
 0.973755 0.000398 0.025345 0.000502
 0.037924 0.000398 0.948703 0.012975
 0.025449 0.911282 0.025345 0.037924

MOTIF 34-CCYGAGTAGCTGGGA STREME-34
letter-probability matrix: alength= 4 w= 15 nsites= 68 P= 1.6e-002
 0.000647 0.998192 0.000513 0.000647
 0.000647 0.917737 0.000513 0.081102
 0.000647 0.595913 0.048786 0.354653
 0.193746 0.016604 0.756820 0.032830
 0.917870 0.064878 0.016604 0.000647
 0.016738 0.000513 0.982101 0.000647
 0.000647 0.032696 0.048786 0.917871
 0.917870 0.080969 0.000513 0.000647
 0.032830 0.016604 0.949919 0.000647
 0.016738 0.982101 0.000513 0.000647
 0.000647 0.032695 0.032696 0.933962
 0.065011 0.000513 0.901645 0.032830
 0.113286 0.097060 0.789006 0.000647
 0.065013 0.000513 0.869462 0.065011
 0.644320 0.113151 0.193607 0.048922

MOTIF 35-GCGCATGCGC STREME-35
letter-probability matrix: alength= 4 w= 10 nsites= 67 P= 1.6e-002
 0.000638 0.000506 0.950658 0.048199
 0.000638 0.998219 0.000506 0.000638
 0.000638 0.000506 0.998219 0.000638
 0.032346 0.966511 0.000506 0.000638
 0.546278 0.269889 0.170983 0.012850
 0.012850 0.170983 0.269889 0.546278
 0.000638 0.000506 0.966511 0.032346
 0.000638 0.998219 0.000506 0.000638
 0.000638 0.000506 0.998219 0.000638
 0.048199 0.950658 0.000506 0.000638

MOTIF 36-AAAAGATGCTCAACATC STREME-36
letter-probability matrix: alength= 4 w= 17 nsites= 71 P= 1.6e-002
 0.855825 0.048014 0.000505 0.095656
 0.887497 0.048015 0.048015 0.016473
 0.966680 0.016341 0.000505 0.016473
 0.998353 0.000505 0.000505 0.000637
 0.111492 0.079688 0.808183 0.000637
 0.839987 0.000505 0.111361 0.048147
 0.000637 0.016341 0.000505 0.982516
 0.127333 0.000505 0.776506 0.095656
 0.111492 0.633982 0.032178 0.222348
 0.000637 0.127197 0.016342 0.855824
 0.063983 0.792346 0.000505 0.143166
 0.824151 0.016341 0.000505 0.159003
 0.839988 0.000505 0.111361 0.048146
 0.048147 0.871528 0.063852 0.016473
 0.697460 0.158871 0.048014 0.095655
 0.032310 0.016341 0.000505 0.950844
 0.079820 0.839856 0.032178 0.048146

MOTIF 37-AAGGAAATTAAAAGT STREME-37
letter-probability matrix: alength= 4 w= 15 nsites= 51 P= 1.6e-002
 0.997679 0.000712 0.000712 0.000898
 0.908442 0.000712 0.000712 0.090135
 0.134753 0.000712 0.863637 0.000898
 0.023206 0.089949 0.781583 0.105262
 0.819205 0.000712 0.089949 0.090135
 0.930752 0.067639 0.000712 0.000898
 0.863824 0.000712 0.134566 0.000898
 0.000898 0.000712 0.089948 0.908443
 0.023206 0.000712 0.000712 0.975370
 0.886134 0.023020 0.023020 0.067825
 0.863825 0.000712 0.023020 0.112443
 0.908442 0.000712 0.000712 0.090135
 0.886133 0.000712 0.112258 0.000898
 0.060643 0.000712 0.937747 0.000898
 0.000898 0.000712 0.112258 0.886133

MOTIF 38-CGAGGTCAGGAGWTY STREME-38
letter-probability matrix: alength= 4 w= 15 nsites= 142 P= 1.9e-002
 0.030342 0.803888 0.015259 0.150510
 0.105443 0.037789 0.803897 0.052871
 0.969179 0.000240 0.022769 0.007812
 0.022832 0.000240 0.954096 0.022832
 0.030342 0.007749 0.954097 0.007812
 0.015322 0.015260 0.030280 0.939139
 0.015322 0.946586 0.037789 0.000302
 0.954159 0.015260 0.000240 0.030342
 0.045362 0.000240 0.939076 0.015322
 0.045362 0.000240 0.916546 0.037852
 0.894079 0.045300 0.037789 0.022832
 0.022832 0.030280 0.924056 0.022832
 0.420920 0.015260 0.007749 0.556071
 0.007812 0.052810 0.030280 0.909099
 0.022832 0.428384 0.135426 0.413358

MOTIF 39-ATGCTAAGTGAAATAAGCCAG STREME-39
letter-probability matrix: alength= 4 w= 21 nsites= 94 P= 1.9e-002
 0.808614 0.059801 0.071685 0.059901
 0.059900 0.131107 0.036032 0.772962
 0.083669 0.000379 0.903589 0.012362
 0.024247 0.927359 0.000379 0.048015
 0.000478 0.083569 0.000379 0.915573
 0.903690 0.047916 0.036032 0.012362
 0.927459 0.036032 0.000379 0.036130
 0.202510 0.036032 0.760980 0.000478
 0.000478 0.047916 0.036032 0.915573
 0.214395 0.024148 0.749095 0.012362
 0.974995 0.024148 0.000379 0.000478
 0.879921 0.000379 0.012263 0.107437
 0.844268 0.024148 0.107337 0.024246
 0.000478 0.059801 0.226180 0.713541
 0.832384 0.059801 0.059801 0.048015
 0.868037 0.024148 0.036032 0.071784
 0.190627 0.071685 0.737210 0.000478
 0.107437 0.689674 0.047916 0.154973
 0.059900 0.867937 0.000379 0.071784
 0.903689 0.024148 0.024148 0.048016
 0.178742 0.024148 0.749095 0.048016

MOTIF 40-GAGGTTGCAGTGA STREME-40
letter-probability matrix: alength= 4 w= 13 nsites= 74 P= 1.9e-002
 0.180877 0.000575 0.817824 0.000725
 0.998126 0.000575 0.000575 0.000725
 0.000725 0.036603 0.853860 0.108813
 0.000725 0.000575 0.979962 0.018739
 0.072786 0.144698 0.000575 0.781942
 0.000725 0.000575 0.000575 0.998126
 0.018739 0.000575 0.979962 0.000725
 0.000725 0.943933 0.036604 0.018739
 0.980112 0.000575 0.018589 0.000725
 0.018739 0.000575 0.943934 0.036753
 0.018739 0.000575 0.036604 0.944083
 0.018739 0.000575 0.961948 0.018739
 0.980112 0.000575 0.018589 0.000725

MOTIF 41-RAGGAAGA STREME-41
letter-probability matrix: alength= 4 w= 8 nsites= 2206 P= 2.0e-002
 0.633491 0.000384 0.328730 0.037395
 0.998746 0.000384 0.000384 0.000485
 0.000485 0.000384 0.998646 0.000485
 0.000485 0.076093 0.922937 0.000485
 0.708906 0.152211 0.000384 0.138498
 0.998746 0.000384 0.000384 0.000485
 0.000485 0.000384 0.998646 0.000485
 0.824434 0.093320 0.081760 0.000485

MOTIF 42-AAAATACAAAT STREME-42
letter-probability matrix: alength= 4 w= 11 nsites= 372 P= 2.8e-002
 0.966081 0.000118 0.033654 0.000148
 0.628176 0.000118 0.136093 0.235613
 0.746886 0.157120 0.057432 0.038562
 0.698377 0.251832 0.016218 0.033572
 0.000148 0.000118 0.084254 0.915480
 0.939398 0.000118 0.060336 0.000148
 0.000148 0.999586 0.000118 0.000148
 0.708109 0.000118 0.276267 0.015506
 0.950794 0.030240 0.018818 0.000148
 0.776404 0.066865 0.000118 0.156614
 0.100039 0.111693 0.202347 0.585920

MOTIF 43-CAGCWGCYDC STREME-43
letter-probability matrix: alength= 4 w= 10 nsites= 506 P= 2.8e-002
 0.000371 0.998964 0.000294 0.000371
 0.538369 0.211875 0.249385 0.000371
 0.000371 0.000294 0.998964 0.000371
 0.000371 0.998964 0.000294 0.000371
 0.509201 0.000294 0.169154 0.321351
 0.000371 0.000294 0.998964 0.000371
 0.000371 0.998964 0.000294 0.000371
 0.000371 0.627070 0.000294 0.372265
 0.318270 0.000294 0.271962 0.409475
 0.000371 0.998964 0.000294 0.000371

MOTIF 44-AAAATTAGCYRGGYRTGGT STREME-44
letter-probability matrix: alength= 4 w= 19 nsites= 83 P= 3.1e-002
 0.940055 0.012119 0.000375 0.047451
 0.998778 0.000375 0.000375 0.000473
 0.975289 0.000375 0.000375 0.023962
 0.998778 0.000375 0.000375 0.000473
 0.000473 0.000375 0.000375 0.998778
 0.000473 0.200036 0.000375 0.799116
 0.987034 0.000375 0.000375 0.012217
 0.059196 0.023864 0.822509 0.094431
 0.059196 0.775530 0.094333 0.070941
 0.023962 0.387952 0.000375 0.587711
 0.294093 0.070843 0.564123 0.070942
 0.305837 0.023864 0.622847 0.047452
 0.200134 0.000375 0.799019 0.000473
 0.000473 0.470165 0.000375 0.528988
 0.341071 0.070844 0.575868 0.012217
 0.106176 0.129567 0.023864 0.740393
 0.211878 0.035608 0.752041 0.000473
 0.176644 0.000375 0.646337 0.176644
 0.070941 0.176546 0.153057 0.599456

MOTIF 45-AAYAGACATTTCTCMAAAGAA STREME-45
letter-probability matrix: alength= 4 w= 21 nsites= 43 P= 3.1e-002
 0.879804 0.000934 0.059509 0.059753
 0.996953 0.000934 0.000934 0.001178
 0.001178 0.352394 0.059507 0.586920
 0.996953 0.000934 0.000934 0.001178
 0.001178 0.000934 0.967422 0.030465
 0.967667 0.000934 0.030221 0.001178
 0.030465 0.908848 0.000934 0.059753
 0.909092 0.000934 0.088795 0.001178
 0.118327 0.205960 0.059509 0.616204
 0.001178 0.000934 0.000934 0.996953
 0.001178 0.000934 0.088795 0.909092
 0.001178 0.908848 0.000934 0.089039
 0.147614 0.000934 0.000934 0.850518
 0.001178 0.908848 0.000934 0.089039
 0.352638 0.528102 0.030221 0.089039
 0.967667 0.000934 0.030221 0.001178
 0.909092 0.030221 0.059509 0.001178
 0.909092 0.000934 0.059509 0.030465
 0.118327 0.059509 0.820986 0.001178
 0.967667 0.030221 0.000934 0.001178
 0.909094 0.030221 0.000934 0.059752

MOTIF 46-ACCATTTTTAAGTGTAYART STREME-46
letter-probability matrix: alength= 4 w= 20 nsites= 39 P= 3.1e-002
 0.739790 0.065242 0.193677 0.001292
 0.033400 0.964284 0.001024 0.001292
 0.129725 0.771633 0.065242 0.033400
 0.996660 0.001024 0.001024 0.001292
 0.065509 0.001024 0.001024 0.932442
 0.065509 0.001024 0.001024 0.932442
 0.001292 0.001024 0.001024 0.996660
 0.001292 0.001024 0.097350 0.900334
 0.226052 0.129458 0.001024 0.643466
 0.996660 0.001024 0.001024 0.001292
 0.964552 0.001024 0.033132 0.001292
 0.001292 0.001024 0.996392 0.001292
 0.001292 0.097350 0.001024 0.900334
 0.226051 0.001024 0.771633 0.001292
 0.097617 0.033132 0.001024 0.868226
 0.964552 0.001024 0.001024 0.033400
 0.033400 0.643198 0.001024 0.322378
 0.804007 0.065242 0.065242 0.065509
 0.322378 0.001024 0.514764 0.161834
 0.001292 0.033132 0.001024 0.964552

MOTIF 47-ATTCTCCTGCCTCAG STREME-47
letter-probability matrix: alength= 4 w= 15 nsites= 43 P= 3.1e-002
 0.886459 0.000882 0.111545 0.001113
 0.028779 0.000882 0.000882 0.969457
 0.084111 0.056213 0.056214 0.803462
 0.056445 0.830896 0.028548 0.084111
 0.028779 0.000882 0.000882 0.969457
 0.001113 0.913894 0.028548 0.056445
 0.028779 0.858562 0.056214 0.056445
 0.001113 0.028548 0.000882 0.969457
 0.084111 0.056214 0.858562 0.001113
 0.001113 0.913894 0.000882 0.084111
 0.001113 0.913894 0.028548 0.056445
 0.056445 0.000882 0.000882 0.941790
 0.001113 0.941559 0.000882 0.056445
 0.997122 0.000882 0.000882 0.001113
 0.056445 0.000882 0.886228 0.056444

MOTIF 48-AAAGACAAATACT STREME-48
letter-probability matrix: alength= 4 w= 13 nsites= 60 P= 3.1e-002
 0.934445 0.020100 0.020100 0.025355
 0.934445 0.020100 0.020100 0.025355
 0.934445 0.020100 0.020100 0.025355
 0.025355 0.020100 0.929191 0.025355
 0.934445 0.020100 0.020100 0.025355
 0.025355 0.929191 0.020100 0.025355
 0.934445 0.020100 0.020100 0.025355
 0.934445 0.020100 0.020100 0.025355
 0.934445 0.020100 0.020100 0.025355
 0.025355 0.020100 0.020100 0.934445
 0.934445 0.020100 0.020100 0.025355
 0.025355 0.929191 0.020100 0.025355
 0.025355 0.020100 0.020100 0.934445

MOTIF 49-AGAGAGAGAGAGAGAGAGAG STREME-49
letter-probability matrix: alength= 4 w= 20 nsites= 206 P= 3.1e-002
 0.866996 0.011212 0.077427 0.044365
 0.000222 0.000176 0.999380 0.000222
 0.949765 0.000176 0.049837 0.000222
 0.182314 0.044319 0.751074 0.022294
 0.861478 0.022248 0.088462 0.027812
 0.049884 0.088463 0.817288 0.044365
 0.922175 0.000176 0.071909 0.005740
 0.110580 0.149160 0.729003 0.011258
 0.745602 0.022248 0.160195 0.071955
 0.060919 0.149159 0.789700 0.000222
 0.745602 0.138124 0.093980 0.022294
 0.187831 0.093980 0.701413 0.016776
 0.751120 0.011212 0.143641 0.094027
 0.055401 0.082944 0.861433 0.000222
 0.938729 0.011212 0.049837 0.000222
 0.165759 0.066391 0.717967 0.049883
 0.811817 0.055355 0.099498 0.033329
 0.193349 0.182267 0.580020 0.044365
 0.839407 0.027766 0.127088 0.005740
 0.049883 0.060873 0.861433 0.027812

MOTIF 50-CTGAGGCTCAGAGA STREME-50
letter-probability matrix: alength= 4 w= 14 nsites= 99 P= 3.3e-002
 0.122456 0.876914 0.000278 0.000351
 0.076041 0.078775 0.017722 0.827462
 0.043960 0.017722 0.920524 0.017794
 0.868265 0.017722 0.017722 0.096291
 0.082468 0.000278 0.916903 0.000351
 0.000351 0.000278 0.964133 0.035238
 0.043960 0.885635 0.035167 0.035238
 0.134800 0.143450 0.000278 0.721472
 0.043961 0.850747 0.052610 0.052682
 0.885709 0.009000 0.026444 0.078848
 0.009073 0.043887 0.946689 0.000351
 0.903152 0.000278 0.035165 0.061404
 0.043960 0.041081 0.844834 0.070126
 0.786145 0.061332 0.099840 0.052682

MOTIF 51-GCTGGGATTACA STREME-51
letter-probability matrix: alength= 4 w= 12 nsites= 99 P= 3.5e-002
 0.000419 0.041940 0.957223 0.000419
 0.000419 0.863597 0.041940 0.094045
 0.000419 0.004649 0.000332 0.994601
 0.000419 0.000332 0.998831 0.000419
 0.059484 0.010734 0.898157 0.031625
 0.010820 0.021136 0.967625 0.000419
 0.967711 0.000332 0.031539 0.000419
 0.000419 0.272821 0.010734 0.716027
 0.000419 0.073147 0.000332 0.926103
 0.875435 0.052343 0.071803 0.000419
 0.000419 0.978028 0.010734 0.010820
 0.998918 0.000332 0.000332 0.000419

MOTIF 52-CCACTAGRGGGCR STREME-52
letter-probability matrix: alength= 4 w= 13 nsites= 79 P= 3.5e-002
 0.000547 0.998472 0.000434 0.000547
 0.000547 0.998472 0.000434 0.000547
 0.889835 0.027621 0.081996 0.000547
 0.000547 0.848940 0.149966 0.000547
 0.122893 0.245131 0.000434 0.631542
 0.998586 0.000434 0.000434 0.000547
 0.000547 0.000434 0.998472 0.000547
 0.571523 0.000434 0.427497 0.000547
 0.000547 0.000434 0.712998 0.286021
 0.000547 0.000434 0.998472 0.000547
 0.027735 0.000434 0.835343 0.136489
 0.000547 0.998472 0.000434 0.000547
 0.435562 0.033265 0.326687 0.204486

MOTIF 53-GCCTGGGCAAC STREME-53
letter-probability matrix: alength= 4 w= 11 nsites= 87 P= 3.5e-002
 0.074675 0.074547 0.834831 0.015947
 0.015947 0.972099 0.003050 0.008904
 0.000617 0.995324 0.003442 0.000617
 0.008904 0.000489 0.000489 0.990118
 0.031278 0.000489 0.906290 0.061943
 0.043402 0.000489 0.940162 0.015947
 0.000617 0.079100 0.870717 0.049566
 0.082659 0.885574 0.000489 0.031278
 0.909017 0.000489 0.074547 0.015947
 0.965565 0.033330 0.000489 0.000617
 0.000617 0.974660 0.008776 0.015947

MOTIF 54-CACCTCCCAC STREME-54
letter-probability matrix: alength= 4 w= 10 nsites= 35 P= 3.5e-002
 0.025355 0.929191 0.020100 0.025355
 0.934445 0.020100 0.020100 0.025355
 0.025355 0.929191 0.020100 0.025355
 0.025355 0.929191 0.020100 0.025355
 0.025355 0.020100 0.020100 0.934445
 0.025355 0.929191 0.020100 0.025355
 0.025355 0.929191 0.020100 0.025355
 0.025355 0.929191 0.020100 0.025355
 0.934445 0.020100 0.020100 0.025355
 0.025355 0.929191 0.020100 0.025355

MOTIF 55-AGCACAGTGCCTGSC STREME-55
letter-probability matrix: alength= 4 w= 15 nsites= 195 P= 3.9e-002
 0.895445 0.000144 0.086127 0.018284
 0.027334 0.049924 0.859203 0.063538
 0.210229 0.757767 0.000144 0.031860
 0.813987 0.077077 0.022771 0.086165
 0.072589 0.895407 0.000144 0.031860
 0.748754 0.011073 0.117804 0.122369
 0.119720 0.113280 0.766818 0.000182
 0.045436 0.036348 0.099703 0.818513
 0.063538 0.045399 0.841102 0.049962
 0.000182 0.852800 0.045398 0.101619
 0.036385 0.818476 0.004670 0.140470
 0.063538 0.018246 0.086127 0.832088
 0.065416 0.009195 0.920681 0.004707
 0.072589 0.370459 0.506990 0.049962
 0.060890 0.698938 0.031822 0.208350

MOTIF 56-AGATGAGATVA STREME-56
letter-probability matrix: alength= 4 w= 11 nsites= 305 P= 5.4e-002
 0.702640 0.075903 0.115187 0.106269
 0.122724 0.000180 0.876869 0.000227
 0.999413 0.000180 0.000180 0.000227
 0.000227 0.002523 0.000180 0.997070
 0.036018 0.000180 0.955588 0.008214
 0.886364 0.000180 0.027675 0.085781
 0.000227 0.164936 0.740045 0.094792
 0.772188 0.005323 0.222262 0.000227
 0.128850 0.000180 0.000180 0.870790
 0.274028 0.409053 0.230559 0.086359
 0.894754 0.000180 0.104839 0.000227

MOTIF 57-CACATGTACCCYARAACTTAA STREME-57
letter-probability matrix: alength= 4 w= 21 nsites= 32 P= 6.2e-002
 0.001430 0.924947 0.001133 0.072490
 0.996304 0.001133 0.001133 0.001430
 0.001430 0.996007 0.001133 0.001430
 0.818652 0.001133 0.178785 0.001430
 0.036959 0.036663 0.072194 0.854184
 0.001430 0.001133 0.996007 0.001430
 0.001430 0.036663 0.001133 0.960774
 0.889713 0.001133 0.036663 0.072490
 0.001430 0.889417 0.001133 0.108020
 0.001430 0.782827 0.001133 0.214611
 0.072490 0.711766 0.072194 0.143550
 0.072489 0.356434 0.001133 0.569944
 0.712062 0.001133 0.001133 0.285671
 0.463351 0.001133 0.534086 0.001430
 0.960774 0.036663 0.001133 0.001430
 0.996304 0.001133 0.001133 0.001430
 0.001430 0.853886 0.001133 0.143551
 0.001430 0.072194 0.001133 0.925243
 0.072489 0.072194 0.001133 0.854184
 0.925245 0.001133 0.072193 0.001430
 0.960774 0.001133 0.036663 0.001430

MOTIF 58-ATGAGATTTGGG STREME-58
letter-probability matrix: alength= 4 w= 12 nsites= 60 P= 1.1e-001
 0.808378 0.114397 0.076463 0.000763
 0.008633 0.000605 0.000605 0.990157
 0.000763 0.057497 0.884085 0.057655
 0.994374 0.000605 0.000605 0.004416
 0.000763 0.000605 0.966047 0.032586
 0.998027 0.000605 0.000605 0.000763
 0.038690 0.038532 0.000605 0.922173
 0.000763 0.000605 0.000605 0.998027
 0.000763 0.000605 0.038532 0.960100
 0.038690 0.019568 0.827187 0.114555
 0.006443 0.000605 0.916328 0.076625
 0.095587 0.038532 0.865118 0.000763

********************************************************************************
Stopped because 3 consecutive motifs exceeded the p-value threshold (0.05).
********************************************************************************
COMMAND:	streme --p T95R-WT-intersect.fa --oc T95R-WT-intersect --maxw 21
********************************************************************************
CPU:		GPURTX
********************************************************************************
FINALTIME:	5745.88 seconds
********************************************************************************
