loss
0.6876839275009061
0.6076535832734755
0.5426657875010996
0.5160690787029855
0.4995365411411097
0.4858247485057807
0.4728878933338471
0.46179311952473207
0.4479011727703942
0.43546741722542565
0.4254594835234277
0.41657547781496873
0.40628127477787157
0.39513798738703315
0.3896209106401161
0.37791482717902575
0.37002526462813956
0.3575699375367459
0.35150714053048027
0.3448121385809816
0.3378074918816119
0.3290833842791157
0.3228639186716374
0.314534198998669
0.3061556174983213
0.29936488975345354
0.29742701912735714
