loss
0.699047732088301
0.6883193225200687
0.615408745993461
0.5292192101478577
0.5004041836197887
0.48800481110811234
0.4786298285637583
0.4714883917144367
0.46366412405456814
0.45617992617189884
0.4487516564716186
0.4380714331886598
0.4288860727766795
0.41983587607475265
0.4090027516441686
0.3987827580422163
0.38919970665925313
0.3815022333791213
0.3708587022764342
0.36516611204881755
0.35599358067182557
0.35067976186318056
0.3408328800994371
0.33459224352347
0.32988356246746015
0.32258597555171165
0.3173906681726554
0.31127847864159514
0.30679614579172004
0.30141826778916375
0.2965622863599232
