loss
0.6946761210759481
0.6862568134019355
0.6762051822758522
0.6591342216780206
0.6368886192305749
0.6167345507806089
0.5990593723890161
0.5841283893384853
0.5716772996077016
0.5580107777559457
0.5426940755182955
0.5273121607904675
0.517191560078068
0.5046308408765232
0.491706322221195
0.48485397365914673
0.4737995119154954
0.46266763475762696
0.45466799620820697
0.4438839043889727
0.4431197710898744
0.42934508609170674
0.42177649055208477
0.4162272643141386
0.4090941508277124
0.4000732312683298
