loss
0.7115986257791519
0.7028808217299612
0.6985031805540386
0.6941255958456742
0.6914135500004417
0.6880364700367576
0.6834980343517504
0.6773879684899983
0.669615482029162
0.6616652858884711
0.6563324551833304
0.6463608365309866
0.6363029291755274
0.6263883082490218
0.6168627770323503
0.6103994814973128
0.5956482950009798
0.5902999168948123
0.5792517913015265
0.5712584147327825
0.5594452133304194
0.5547889423997778
0.541331548439829
0.5325871800121508
0.525405217158167
0.5178056688685166
0.5072475216890636
0.4969565742894223
0.49711935771139043
0.48524679949409083
0.47532128346593755
0.46737895670690033
0.4632680949411894
0.45883840322494507
0.4411795453021401
0.4401315356555738
0.43200991028233576
0.42789864853808757
0.4237667541754873
0.41673108464793157
0.41451756420888397
0.40385682645596954
0.399633736986863
0.3997263469194111
0.39226800360177694
0.38029471980898005
0.3795233321817298
0.37236710755448593
0.36738303460572896
0.35871388410267074
0.3543254231151782
0.35048707770673854
0.3483176074529949
0.33720919489860535
0.3406478558716021
0.32791185614309815
0.3249435613029881
0.3260316056640525
0.3196982200208463
0.3087582603881234
0.3101074421092084
0.3086080762900804
0.30537095587504537
0.29520755065114873
0.29559787872590515
0.29340255182040365
0.2936239360194457
0.2846449676312898
0.27850331993479477
0.2798809911075391
0.276223087781354
0.27723004865018946
0.26584235539561824
0.26228416358169754
0.25834487457024424
0.2569864306010698
0.2495155593282298
0.2556057964500628
0.2476259360187932
0.24227270640824972
0.23735861558663218
0.23711107514406504
0.23656285671811356
0.23712320390500521
0.22728682819165683
0.2317349926421517
0.22543258023889443
0.22610645309874886
