loss
0.007292667869478464
0.006947560219870382
0.006553384199762024
0.00635705596047741
0.006198006922279168
0.006092675544774335
0.0059856104112473545
0.005912006100354497
0.0058324796892996605
0.0057485728558070584
0.005679747720058617
0.005624391914226979
0.0055822490355413
0.005526323289512683
0.005496193867819215
0.005457107976281864
0.00542754146006567
0.005391245148120405
0.005379382793989323
0.005357189594063064
0.005331845661506186
0.0053272626212788506
0.005302775228372536
0.005297343889817349
0.005262592342853452
0.005256639680499542
0.005242733911470743
0.0052233845873529295
0.005201324576294401
0.005213082122823022
0.005185120893773147
0.005176025814168749
0.005168283947000329
0.0051538812288030944
0.005129972294534556
0.005137446855033888
0.005135938682870524
0.005105439953369271
0.005101626286843252
0.005102984209551572
