loss
0.6930105451175145
0.6665810416626042
0.6338473824853542
0.6169262767521222
0.6045418024746259
0.5937151551929791
0.5844917115475182
0.5709175867132608
0.5621828556402365
0.5510418884733687
0.5452889534498012
0.5344488872668804
0.528124846069724
0.5207289347163586
0.513930911577192
0.5083126314731587
0.5095090146221882
0.49746584576317093
0.49094550512240065
0.48508924852128016
0.4819363537524696
0.4766572413266901
0.4682554124419532
0.46770721511717855
0.46379402322550556
0.46292391351095924
