loss
0.7134786427021027
0.697231200006273
0.6873200866911147
0.6805196669366624
0.676136831442515
0.6699368490113152
0.6654064257939657
0.6596559683481852
0.6534617476993136
0.6467630200915866
0.6390370660358005
0.6309751802020602
0.6240187022421095
0.6178265280193753
0.6065779593255785
0.5962181621127658
0.5884262720743815
0.5856158402231004
0.571338415145874
0.5636999938223097
0.5524707105424669
0.5478600859642029
0.5379033419820998
0.5302232702573141
0.5193459192911783
0.508646223280165
0.504476570420795
0.500294052892261
0.49241285191641915
0.4827081825998094
0.4751062724325392
0.47113949060440063
0.46359557575649685
0.4539357324441274
0.4465455545319451
0.441474586725235
0.43258119954003227
0.4301730990409851
0.42126617829004925
0.41889450947443646
0.41111231843630475
0.4060515496465895
0.3997744917869568
0.3904932936032613
0.38689003388086957
0.3860449559158749
0.3838759164015452
0.37756043010287815
0.37138843536376953
0.36661459339989555
0.3636747896671295
0.35302754243214923
0.35073686639467877
0.34680014186435276
0.3405820429325104
0.33933990862634444
0.3334084384971195
0.3312000897195604
0.33323874076207477
0.3268447352780236
0.31972212923897636
0.3169083495934804
0.31461095478799606
0.3057873249053955
0.30295952823426986
0.3036257094807095
0.2994582388136122
0.29621672961446976
0.2968502276473575
0.29030384288893807
0.28441445032755536
0.28657504585054183
0.27947982483439976
0.2794396612379286
0.2744375765323639
0.2697586913903554
0.2691924141512977
0.2650959955321418
0.26147664586702984
0.2632032169236077
0.2602069874604543
0.2542237987120946
0.2525927407874001
0.24972514145904118
0.24921300179428524
0.24496562282244363
0.24246853755580056
0.2403574287891388
0.23692145778073204
0.232834259668986
0.23189950982729593
0.2312499682108561
0.22814637588130104
0.22593416935867733
0.22074208988083732
0.2226095845301946
0.22234317660331726
0.21904451151688895
0.21691472000545925
0.21613637606302896
0.21323543621434105
0.21282932658990225
0.20781031250953674
0.20552572111288706
0.20554959774017334
0.20555717746416727
0.203674907485644
0.2009552220503489
0.19982393085956573
