loss
0.7071150470135817
0.6883787232818026
0.6829041739304861
0.6768236494425571
0.6685333875092593
0.6572435064749285
0.645941902290691
0.6345154308911526
0.624551177927942
0.6109349700537595
0.602736257242434
0.5928615449052869
0.5825150356148229
0.5721449400439407
0.5601085830818523
0.5525938814336603
0.5417018537268494
0.5271164472355987
0.5230685924038743
0.5114913429274703
0.5047045291373224
0.49693036260026874
0.4904869989012227
0.480025053024292
0.47016364336013794
0.4610237628221512
0.4543366206414772
0.4523795987620498
0.43687653496409906
0.4362760109431816
0.4256937246431004
0.4240453347112193
0.41768806992155133
0.4109936871311881
0.4052598521564946
0.3988296249599168
0.39273237143502093
0.3881647930000768
0.3804348973613797
