loss
0.7073687675858842
0.6882899693430287
0.6834147433712058
0.6786154382032891
0.6704212819060235
0.6604383644992358
0.6486660960602434
0.6377333859874778
0.625232164582161
0.6144791523071185
0.5971469230031314
0.5829214020951153
0.5687189300174582
0.5547663144869347
0.5420719174897835
0.529189673800991
0.5180600146724753
0.5027549330094089
0.49806742860029823
0.48616770195634396
0.4767141344204341
0.4698622810514006
0.46038326600643054
0.4545384655668311
0.4439782777877703
0.4386235977688881
0.4322482653676647
0.42728850041350275
0.4229665253668615
0.4167440511184196
