loss
0.2791295051574707
0.28977548662686464
0.28551445358287164
0.281346296065046
0.2778220245982431
0.2738685469497035
0.2702331134109571
0.26576944674191877
0.26258610314982883
0.25930791277035026
0.25739251054501755
0.2543211125644149
0.25271272157323504
0.24944573760517758
0.24749640907409423
0.24522700696466498
0.24279125725292855
0.24109986172402403
0.23864750158086534
0.23703187223199573
0.23554298560077724
0.23397043709078327
0.23201702280472292
0.23069853527551834
0.22917160988697666
0.22782687752152367
0.225877599351725
0.22507422007435784
0.22269622204852965
0.222647617793176
0.22108503423699738
0.2183263324997312
0.21837511550310817
0.21660210472193492
0.21555354993497744
0.21504251542385808
0.21345942633019555
0.21203466916624233
0.2102809324359649
0.20974008715266634
0.20825517946631456
0.20594987049382457
0.20619776157921962
0.20525576573416263
0.204322273601097
0.20397326683985453
0.20105975525953293
0.2018624780737839
0.2000054595655823
0.19937964123841811
0.19821234624266035
0.1972699346177686
0.19807735485962663
0.19484513665840125
0.19376136127645802
0.19343370038380625
0.19402211357728016
0.191713155731717
0.19160341275282472
0.1897485491576468
0.18962157518989806
0.18905988793031847
0.1897632698966777
0.18597465731145554
0.18635431071776323
0.18514818835526345
0.185769478155739
0.18381972786801046
0.18309960634528705
0.1818706996854914
0.18173137388633062
0.18089589498995132
0.17889391363816573
0.18099835662399297
0.17883081338714388
0.18011777382937205
0.17604741377404035
0.175323943265431
0.17643907977042683
0.17634682942073732
0.17639079225966042
0.17384534875182758
0.1731150365986262
0.17096879519917657
0.1711544364754055
0.17302803564170785
0.17044514838424205
0.17081796177527792
0.17000361825672347
0.1690264348908257
0.1691354028537859
0.16773344794787884
0.16694395089889788
0.1664232513132411
0.16686695370419768
0.16378251425737367
0.16576091256269476
0.16413908734158345
0.16496831863876024
0.16021218532083395
0.16381964871563645
0.1618492638999405
0.16186741518577782
0.16045189280292285
0.16053076326499066
0.16158946547380426
0.159134549088117
0.15905308940428753
0.16056032776727122
0.15815036984586328
0.15796675548611258
0.15626325301683633
0.15767674574131504
0.15734107655018928
0.15590138782688429
0.15595445252285303
0.15480482811075277
0.1547921644068954
0.15515640824875002
0.15480050342572724
0.1538653702693296
