loss
0.6993719025476445
0.6785075256512278
0.6516086239190328
0.6237806138538179
0.6044724619104749
0.5868100421059699
0.5730903024474779
0.5605052695387885
0.547461403445119
0.5337458634305567
0.5215966689089934
0.5100429891830399
0.4996089351673921
0.4882020127205622
0.47659686686737196
0.46647357532665845
0.45837389234276044
0.44851288022029967
0.4429297425917217
0.43135306735833484
0.42519402947454227
0.41773252685864765
0.41033444181084633
0.40542513132095337
0.3971006247614111
0.3921545898275716
0.384468450432732
