loss
0.6972135131557783
0.6847696443821522
0.6744782227150937
0.6557805487450133
0.6280751456605628
0.5984358128080977
0.567701703690468
0.542518767904728
0.5204670467275254
0.5042156792701559
0.4843064654380717
0.4672545911149776
0.4557697830048013
0.4428628258248593
0.42703397286699174
0.41465634995318473
0.40377730257967687
0.39352979368351876
0.38134537605529134
0.36871973504411415
0.3557620273625597
0.3523184653926403
0.3383890754998998
0.3306465339153371
0.3238481429029018
0.31021486095925593
0.30608281398073156
0.2960116831546134
0.29150865559882305
0.27858927433795116
0.2759247127365559
0.2689909316757892
0.2627121051575275
0.2558812305648276
0.2502058541521113
0.2421484481781087
0.2389946995263404
0.2315270369674297
0.22968318709667693
0.21985409361250857
0.2191157193577036
0.2112629789304226
0.20910323934352143
0.2034851276177041
