loss
0.6962319880389096
0.6808549362150106
0.6658321422609416
0.6440626680850983
0.6250293139706958
0.6066730991005898
0.5905349647456949
0.5740514255382798
0.5602919283238325
0.5442395989190448
0.5273459746756337
0.5140405334532261
0.5002426274798133
0.4852572933516719
0.47492305595766415
0.46176813305778935
0.4523565908047286
0.4397216530686075
0.42991667037660425
0.41869152963838796
0.4070610200816935
0.399515367875045
0.39181896807117894
0.3858787701888518
0.3785196322609078
0.36665317111394624
0.3601616140116345
0.35737807828594337
0.34766559438271954
0.3422244911674749
0.33671711588447745
0.3298179636794058
