loss
0.6995996754031536
0.6852603351076444
0.678667081395785
0.6701402361194293
0.6591100191076597
0.6461306477586428
0.633012285331885
0.6190242573618889
0.60477840056022
0.5904869849483172
0.5787568464875221
0.5632818177342415
0.5509158795078596
0.5331731090943018
0.5258116242786248
0.5130522983769575
0.4979465872049332
0.4925996385514736
0.48257841914892197
0.4693357780575752
0.4599677304426829
0.45260169307390846
0.43948407024145125
0.43654564321041106
0.4304696746170521
0.4183084525167942
0.4143708082536856
0.4041631596783797
0.39599419956405957
0.3869224066535632
