loss
0.7094511279175358
0.6856547555303186
0.6684192811570516
0.6480547616152259
0.6321497200950374
0.6166500037278586
0.6052337279164695
0.5932217506858392
0.5856717815244101
0.5780099315371939
0.5687096809468618
0.559873620669047
0.5531533379864887
0.5441584310880522
0.5360697040228339
0.5264388003000399
0.5194314764282568
0.5120332742609629
0.5015920405465413
0.4938441563427933
0.4823915420508966
0.4751601946063158
0.46263824463859804
0.45007653837281514
0.4449531309972934
0.4313957005496917
0.42459386151011397
0.4133022614126283
0.4062974518392144
0.39901485215357646
0.39032099595883996
0.3800011984701079
0.37799141707459116
