loss
0.6339341998100281
0.5699444385441216
0.5634610048598714
0.557955362327822
0.5502241940066979
0.5446034591566693
0.539401228072586
0.5329982266277522
0.5286253959656477
0.522655013959866
0.517698265902989
0.514051251941257
0.5090211202745681
0.5043614173794652
0.4999434895612098
0.49622140721873836
0.4907887513125623
0.4870044436451193
0.48359828719774167
0.4795560113436825
0.4767844420340326
0.4730332409431626
0.46981063100310777
0.4657642224708477
0.4619379304237552
0.45993708015920165
0.4568153014770141
0.4523131096953744
0.44821872904494003
0.44702586072969724
0.4441695441981336
0.440078342820073
0.43801151999124177
0.43429240966970856
0.4321928515403836
0.4300644482757236
0.425845633554566
0.42219472582544293
0.42011405753570275
0.41784230995554106
0.41553974511834596
0.4118290513798639
0.4100521778066953
0.4079696892260073
0.40596013529612135
0.40131313866144186
0.3996568296227727
0.39790026666792305
0.39501057878449874
0.39377463289030323
0.3918416651116835
0.3915868203180867
0.38622551876771916
0.3847227289869979
0.38360479594887914
0.38152124246095753
0.3771908226403388
0.3776366856094595
0.37431739982183987
0.3731229049307448
0.36960048342610263
0.36822709292397127
0.3662068746402278
0.36338185177774757
0.3625920658802485
0.3604952620045917
0.35871740322079027
0.35742607001248783
0.35602243278209156
0.3525013372234933
0.3537853200313028
0.3513183360723583
0.3471418344737352
0.3476784189005156
0.3438630403542483
0.3445777225534658
0.3422562407368833
0.3403316709148633
0.34069518316481207
0.3383240038948553
0.3360221079989775
0.33453106336496974
0.3312299498790377
0.3320253341718837
0.33205748088769727
0.329526912018254
0.32574224076024044
0.32570209790457477
0.32552029994559717
0.3237070113129623
0.32042301837746445
0.31788691539350933
0.3189873391197429
0.3179719062247971
0.31725016513744275
0.31540823082352903
0.31350200162367065
0.31390273557589937
0.3122181494135756
0.3097738891101635
0.308309148337032
0.30840380023325886
0.3064039768063807
0.3047865290452052
0.3022351937407667
0.301587704311799
0.3028917932496952
0.29944118503872696
0.3010965629897497
0.29714082619986376
0.2970127003776419
0.2972121356843828
0.2958758479325442
0.29557619693579973
0.29478269975419874
0.29168033911972435
0.29204913548700084
0.2905917508980712
0.2895114905349127
0.2861651461403649
0.28716412183266504
