loss
0.7057754415532816
0.6391899395717804
0.5596622667198098
0.5230561947718458
0.49934363950808497
0.4794189011165669
0.46491277855556606
0.45443289027463923
0.4477911437963294
0.4403644591960324
0.43369704667137177
0.42778411845973485
0.41707173289169913
0.4076057440849371
0.3973711221499214
0.3894816816633966
0.37788043655943143
0.3671365873522113
0.3576575753209893
0.34900971049825175
0.3383910926668925
0.33048831674729895
0.3238406250310257
0.315816401329103
0.30863440869677017
0.3010100698887521
0.2952362730383352
0.29118806156268806
0.28395499731515694
0.27928009362460227
0.2754035692287845
0.2708843289244123
0.2637874730679666
0.2593051411829661
