loss
0.21201834082603455
0.16440387285166533
0.15788880669311664
0.15096988217496077
0.14526160020276765
0.14011569686590858
0.13470410548463882
0.12851505604720562
0.12218502339880878
0.11948714213202072
0.11491510221630195
0.110693902266647
0.10693985145434598
0.10492687040861591
0.0992971026663947
0.09656221500432519
0.09528215412642355
0.09035733638017952
0.08827314312639428
0.08469992530963026
0.08363059611107597
0.08135124131292296
0.079696771572344
0.0778461041428349
0.07489882060745513
0.07216951307959237
0.0708109909790012
0.06930556207912687
0.0675562923453165
0.06690719800637589
0.0638909652683379
0.06413935246794684
0.06105811134762475
0.05921556098010199
0.0596998381520356
0.05776612125125985
0.05586583828727636
0.05658270012321839
0.05521538432334059
0.053210550087295194
0.05386219455286689
0.05164259966597762
0.051463003436383076
0.05022803894823491
0.04967175697794654
0.048147093841986115
0.047484214077855975
0.04713498924235448
0.04534918755166685
0.04608751170529775
0.04434990189277576
0.044347681337815366
0.04325641216133573
0.04364605629358334
0.04186841245766764
0.041793465622968394
0.04111231018043293
0.04032652514973638
0.040462382458243955
0.03814726025369301
0.038421216209772124
0.038382083918959406
0.03764611898049199
0.03755422082216275
0.03658809364381927
0.037348453353010076
0.03577080203254792
0.036828615929895774
0.03578906961429481
0.03443833372867655
0.03419416038327101
0.03543600244416139
0.03389592047165662
0.03456781479526908
0.03300414609804061
0.032996437014377065
0.032448423584511596
0.03147903945923687
0.031134909908580987
0.031043736340364367
0.032407300567602534
0.03214040494755617
0.03186494581320157
0.03041133638436005
0.028472130239623486
0.03176625371681065
0.028814146044400517
0.028797715932117416
0.030432248454594076
0.027843648105090747
0.0288843455925425
0.028011021142044238
0.02844478304121826
0.027659329575996885
0.02860901181588433
0.027835148883414745
0.027428848487176773
0.026560751959383944
0.026589521959487394
0.026837200799535457
0.025344864478512096
0.027727195792059005
0.025379024437123043
0.026431806343840163
0.02654693469242791
0.024287948105309147
0.025976256439046146
0.024855499756711516
0.024342280415523724
0.025312151326202226
0.025467984109113405
0.024278966696677506
0.025247703922636942
0.024781969966287735
0.02416593963690698
0.02352378687923124
0.02341333867948105
0.02347437841051381
0.0232908221196942
0.02449720244830957
0.02344190661852591
