loss
0.7210247090884617
0.6991306232369464
0.6923350855924081
0.6893537113631981
0.6869596191074537
0.6823815599731777
0.677197692186936
0.6714450008627297
0.6638490246689838
0.6567468047142029
0.646286358004031
0.6378423467926357
0.6274484180021977
0.618148065995479
0.6091846771862196
0.5986181618510813
0.5890575543693874
0.5752584104952605
0.5672910248023876
0.5587133367856344
0.5529052770656088
0.5425167848234591
0.5351092266863671
0.5265047148517941
0.51562458967817
0.5099452941314034
0.5037041872307875
0.4955118959364684
0.48765729216561804
0.4834021545838619
0.48118134987527045
0.4762898191161778
0.4678409803604734
0.45761139280554175
0.45207000253857044
0.45041880616243335
0.4439209116541821
0.44385982380397077
0.43702332092368085
0.42719159480454266
0.4235364220280578
0.41952548467594647
