loss
0.7020081196333232
0.6504354434174324
0.6123715642258085
0.596682227110561
0.5779994304295833
0.5660138011984684
0.5571257606588839
0.547957004625586
0.5390713811549457
0.5311025956386253
0.5229334438903422
0.5156591726380562
0.509755476051745
0.5025851773687556
0.49665156434356916
0.49071981855334107
0.4853854586177737
0.4809583507258178
0.47448234505291226
0.4713408213250245
0.4670626866289332
0.4623493327118676
0.4586450334968446
0.4539194116486779
0.4506108979635601
0.44705990208352164
