loss
0.667529091142839
0.5724132461794491
0.5446758590124804
0.5294297929082451
0.5173111666507763
0.50781566078036
0.49985458849576014
0.4913744808913305
0.4842903170220811
0.47503338548643836
0.46741661879009216
0.4609093073883961
0.4533457511971737
0.44913019015100497
0.4411135994797123
0.4363409971240266
0.42951185827882127
0.4258445282306137
0.4194860278532423
0.4149438455572416
0.4098400954028656
0.4052956584070263
0.402130006202336
0.3986906273097828
0.3930407442024042
0.3925692545699662
