loss
0.7156088011605399
0.6872095798070614
0.6726630989175576
0.6415444560922109
0.6021099789784505
0.5643890402637995
0.5357513381884649
0.5120232552289963
0.4914838456763671
0.47603239205021125
0.46270273654506755
0.44828772372924364
0.43931186027251756
0.43272756641873944
0.42583817128951734
0.4126691311024703
0.4078082052560953
0.40331240141621005
0.39503744072639024
0.38696279720618176
0.37998169230727047
0.3727566499549609
0.3667893550143792
0.362572234410506
0.35712681567439664
0.34814074291632724
0.34293535695626187
0.3366670089845474
0.3327404217651257
0.3300103403341312
0.32154843999216187
0.31732390677699673
0.3111634273082018
0.3068575861935432
0.30185472721663803
0.29369701416446614
0.2985424642952589
0.2867594865652231
