loss
0.7010602743336649
0.6930455731861482
0.6916107468798681
0.6890876048107437
0.6839850647800465
0.6740444021176566
0.6625155969924733
0.6497639765594211
0.6350010273420266
0.619863012417924
0.6054827465018645
0.5891956224054249
0.5733642673431919
0.5615148928564817
0.5494758140314654
0.5378819088342831
0.5295344787805819
0.5190482891453099
0.5091478021314302
0.498777753054188
0.48805469108111965
0.4820876034534522
0.4740303007479246
0.4688445727534706
0.45813384689957964
0.4539707839337702
0.4460149498155274
0.4424333211582929
