loss
0.6975742080543614
0.6883692983853615
0.6712165118779166
0.6513723981077388
0.6365842175180629
0.6225127004465815
0.6093035542358787
0.594670463669098
0.5821146694785457
0.5692666762713658
0.5543066566273317
0.5414966538043345
0.528560893389128
0.517279490197109
0.5077411730663252
0.4958751190264346
0.48916969940824023
0.4815287211183774
0.47328465810771714
0.4673547355805413
0.45874097955934073
0.44912083838450706
0.4432164311914121
0.43797354728488597
0.4328016491006997
0.42487771430258026
0.4199096412729409
0.4167734355492107
