loss
0.6921810827964594
0.6599204446270258
0.6362459466665118
0.6110390981203293
0.5892593964501536
0.5768293530614544
0.5677912713828424
0.5579964880874048
0.5502511675921713
0.5410124668194545
0.5324801210298578
0.5253481861219367
0.5147872711860293
0.5036529416365247
0.4917893832649927
0.48558542330235366
0.4752235554807908
0.4657679886491467
0.4565661287406668
0.44506036196506865
0.43852667170441495
0.4341212345356763
0.4255535702735062
0.4232382362561602
0.4148170291388183
0.4069253521588828
0.4016983673532969
0.3947203634190856
0.3922182175628377
0.38482875472777117
