********************************************************************************
STREME - Sensitive, Thorough, Rapid, Enriched Motif Elicitation
********************************************************************************
MEME version 5.3.0 (Release date: Wed Nov 25 19:19:29 2020 -0800)

For further information on how to interpret please access http://meme-suite.org.
To get a copy of the MEME Suite software please access http://meme-suite.org.

********************************************************************************


********************************************************************************
REFERENCE
********************************************************************************
If you use this program in your research, please cite:

Timothy L. Bailey,
"STREME: Accurate and versatile sequence motif discovery",
bioRxiv, (preprint), Nov. 23, 2020.
********************************************************************************


ALPHABET= ACGT

strands: + -

Background letter frequencies
A 0.263 C 0.237 G 0.237 T 0.263 

MOTIF 1-CAGCCTGGSCAACAKRG STREME-1
letter-probability matrix: alength= 4 w= 17 nsites= 1715 P= 5.0e-051
 0.005844 0.958543 0.003902 0.031711
 0.982472 0.001962 0.011015 0.004551
 0.025891 0.012955 0.892574 0.068580
 0.004551 0.959190 0.006489 0.029771
 0.005198 0.963070 0.005842 0.025890
 0.001964 0.013602 0.001315 0.983118
 0.039471 0.003902 0.952723 0.003904
 0.098342 0.001962 0.892558 0.007138
 0.025891 0.335382 0.619303 0.019424
 0.022658 0.754692 0.007135 0.215514
 0.687968 0.009722 0.297112 0.005198
 0.975880 0.000669 0.018900 0.004551
 0.018778 0.902928 0.021362 0.056932
 0.950138 0.005842 0.037529 0.006491
 0.111284 0.078924 0.397439 0.412353
 0.539724 0.005195 0.438890 0.016191
 0.112575 0.007135 0.871859 0.008431

MOTIF 2-AGGCYGAGGCRGGAGRATCRC STREME-2
letter-probability matrix: alength= 4 w= 21 nsites= 1605 P= 1.1e-050
 0.962437 0.003495 0.020851 0.013217
 0.042375 0.002801 0.947161 0.007663
 0.029185 0.011132 0.949244 0.010440
 0.010440 0.959657 0.005578 0.024325
 0.011828 0.348561 0.008355 0.631256
 0.156240 0.008355 0.827743 0.007663
 0.977016 0.003495 0.011826 0.007663
 0.043070 0.005578 0.945772 0.005580
 0.051401 0.003495 0.936053 0.009051
 0.015300 0.729158 0.009049 0.246493
 0.555583 0.009049 0.411044 0.024325
 0.053483 0.028488 0.897869 0.020160
 0.072229 0.006272 0.918695 0.002803
 0.588903 0.211785 0.022934 0.176378
 0.127773 0.009049 0.854820 0.008357
 0.419503 0.011132 0.566563 0.002803
 0.974933 0.005578 0.015297 0.004192
 0.003498 0.033348 0.002106 0.961048
 0.013911 0.730501 0.064608 0.190979
 0.549944 0.022240 0.399326 0.028491
 0.013911 0.908283 0.015297 0.062509

MOTIF 3-CTGTAATCCCAGCWMYTYGGG STREME-3
letter-probability matrix: alength= 4 w= 21 nsites= 1653 P= 4.2e-049
 0.006799 0.956283 0.003035 0.033883
 0.003790 0.012815 0.005292 0.978104
 0.059464 0.011310 0.925436 0.003790
 0.006047 0.013567 0.003787 0.976599
 0.960801 0.012815 0.016576 0.009808
 0.769660 0.008301 0.215993 0.006047
 0.006799 0.012062 0.003787 0.977352
 0.014322 0.928449 0.014319 0.042910
 0.018083 0.899855 0.008301 0.073760
 0.003790 0.941990 0.004539 0.049680
 0.975094 0.006796 0.013567 0.004542
 0.043667 0.009805 0.941233 0.005294
 0.013570 0.937477 0.016576 0.032378
 0.437803 0.018081 0.011310 0.532807
 0.516256 0.416731 0.030117 0.036895
 0.006799 0.520767 0.009805 0.462628
 0.005294 0.021842 0.009053 0.963810
 0.021092 0.355230 0.021090 0.602588
 0.181406 0.018833 0.774154 0.025607
 0.062470 0.003787 0.921678 0.012065
 0.049681 0.010558 0.927696 0.012065

MOTIF 4-TWKTWGAGACRGRGTYT STREME-4
letter-probability matrix: alength= 4 w= 17 nsites= 1580 P= 9.4e-043
 0.014564 0.025797 0.025137 0.934502
 0.428692 0.012579 0.036372 0.522356
 0.036374 0.009936 0.513949 0.439741
 0.010599 0.027119 0.004649 0.957633
 0.566162 0.009936 0.032406 0.391496
 0.034391 0.013240 0.940447 0.011921
 0.986712 0.000023 0.006632 0.006634
 0.025800 0.010597 0.954987 0.008616
 0.945076 0.003988 0.041659 0.009277
 0.007295 0.662018 0.007953 0.322734
 0.355055 0.009275 0.618461 0.017208
 0.089907 0.009936 0.881628 0.018530
 0.376943 0.007953 0.591287 0.023817
 0.058845 0.004649 0.914011 0.022495
 0.008616 0.012580 0.021832 0.956972
 0.003990 0.439069 0.004649 0.552292
 0.002669 0.029102 0.005310 0.962920

MOTIF 5-GRGYGCRGTGGC STREME-5
letter-probability matrix: alength= 4 w= 12 nsites= 1746 P= 2.4e-034
 0.119366 0.000023 0.880586 0.000025
 0.513137 0.000023 0.477400 0.009441
 0.038472 0.000023 0.961480 0.000025
 0.000025 0.340895 0.000023 0.659057
 0.139142 0.000023 0.860810 0.000025
 0.000025 0.741796 0.000023 0.258156
 0.588864 0.010712 0.400399 0.000025
 0.099960 0.000023 0.899992 0.000025
 0.000025 0.020127 0.000023 0.979825
 0.007692 0.000023 0.992259 0.000025
 0.033432 0.000023 0.966520 0.000025
 0.000025 0.761882 0.000023 0.238070

MOTIF 6-GAGGTTGCAGTGAGCYGAGAT STREME-6
letter-probability matrix: alength= 4 w= 21 nsites= 994 P= 5.8e-033
 0.067236 0.002441 0.926678 0.003645
 0.985474 0.001241 0.010840 0.002445
 0.045640 0.009640 0.937476 0.007244
 0.044439 0.106852 0.829465 0.019243
 0.001245 0.187216 0.009640 0.801899
 0.006045 0.003641 0.006040 0.984275
 0.042040 0.001241 0.936277 0.020442
 0.009644 0.923077 0.004840 0.062438
 0.921882 0.007240 0.062433 0.008444
 0.037240 0.009640 0.945876 0.007244
 0.004845 0.033636 0.009640 0.951879
 0.044439 0.012039 0.935077 0.008444
 0.975876 0.003641 0.016839 0.003645
 0.042040 0.003641 0.950675 0.003645
 0.012044 0.933877 0.008440 0.045639
 0.050443 0.606183 0.027637 0.315737
 0.312076 0.012039 0.666240 0.009644
 0.811499 0.016839 0.015639 0.156024
 0.040839 0.014439 0.930278 0.014443
 0.938681 0.009640 0.033636 0.018043
 0.004845 0.068433 0.009640 0.917082

MOTIF 7-GTCTCGAACTCCTGACCT STREME-7
letter-probability matrix: alength= 4 w= 18 nsites= 947 P= 9.0e-025
 0.036971 0.015526 0.933165 0.014339
 0.002427 0.027437 0.003614 0.966521
 0.008383 0.934356 0.007188 0.050073
 0.002427 0.010761 0.008379 0.978433
 0.011957 0.655471 0.032201 0.300371
 0.259797 0.029820 0.705573 0.004810
 0.982006 0.003614 0.013143 0.001236
 0.843803 0.002423 0.016717 0.137058
 0.006001 0.955797 0.005996 0.032206
 0.009574 0.029821 0.005996 0.954609
 0.002427 0.949841 0.013143 0.034588
 0.008383 0.927209 0.005996 0.058412
 0.008383 0.053643 0.008379 0.929595
 0.031015 0.008379 0.946268 0.014339
 0.744951 0.009570 0.235905 0.009574
 0.028633 0.771159 0.162047 0.038162
 0.009574 0.930782 0.003614 0.056030
 0.008383 0.011952 0.010761 0.968904

MOTIF 8-CCTCCYGGGTTCAA STREME-8
letter-probability matrix: alength= 4 w= 14 nsites= 797 P= 2.2e-019
 0.046783 0.926212 0.004296 0.022709
 0.001470 0.968694 0.000048 0.029788
 0.010238 0.005712 0.008544 0.975507
 0.005717 0.946040 0.008544 0.039699
 0.008549 0.946868 0.004296 0.040287
 0.004301 0.619932 0.000636 0.375131
 0.317509 0.006300 0.654312 0.021880
 0.039700 0.004296 0.946868 0.009136
 0.029788 0.011375 0.946040 0.012797
 0.005717 0.171407 0.009960 0.812916
 0.000054 0.008544 0.004296 0.987106
 0.002885 0.977191 0.009959 0.009965
 0.967284 0.011376 0.019871 0.001470
 0.855817 0.088272 0.034618 0.021292

MOTIF 9-AAAAATTAGCC STREME-9
letter-probability matrix: alength= 4 w= 11 nsites= 711 P= 2.3e-014
 0.946293 0.039583 0.010588 0.003536
 0.992873 0.001815 0.004518 0.000795
 0.984353 0.001815 0.003238 0.010594
 0.980594 0.011425 0.001815 0.006167
 0.989517 0.000537 0.009879 0.000066
 0.000066 0.006160 0.002462 0.991312
 0.000066 0.000060 0.000060 0.999813
 0.998059 0.001815 0.000060 0.000066
 0.018304 0.000060 0.977811 0.003825
 0.004220 0.967978 0.000060 0.027742
 0.000567 0.756817 0.005662 0.236954

MOTIF 10-RGGCRYGGTGGCKCAYGC STREME-10
letter-probability matrix: alength= 4 w= 18 nsites= 614 P= 9.3e-013
 0.479665 0.079405 0.395019 0.045910
 0.035331 0.010640 0.943383 0.010646
 0.095280 0.051193 0.834065 0.019462
 0.045910 0.789984 0.042377 0.121728
 0.497297 0.049430 0.389730 0.063543
 0.038857 0.326255 0.019456 0.615432
 0.142888 0.026508 0.786457 0.044147
 0.054726 0.005350 0.922225 0.017699
 0.012409 0.049430 0.033561 0.904599
 0.093517 0.000060 0.886961 0.019462
 0.065305 0.014166 0.895777 0.024752
 0.010646 0.770589 0.005350 0.213415
 0.206364 0.017692 0.283937 0.492007
 0.007120 0.731798 0.148170 0.112912
 0.670092 0.001824 0.317438 0.010646
 0.015936 0.578395 0.005350 0.400319
 0.246916 0.001824 0.740614 0.010646
 0.003593 0.952199 0.000060 0.044147

MOTIF 11-AAAAAAAAAAAAAAAAAAA STREME-11
letter-probability matrix: alength= 4 w= 19 nsites= 1348 P= 3.6e-011
 0.984891 0.012194 0.000028 0.002888
 0.970717 0.029225 0.000028 0.000031
 0.921051 0.008138 0.014652 0.056159
 0.913413 0.004894 0.041111 0.040582
 0.639557 0.241078 0.027016 0.092349
 0.908476 0.000839 0.069232 0.021453
 0.921245 0.012193 0.004083 0.062479
 0.885245 0.016248 0.040892 0.057614
 0.852232 0.099860 0.032469 0.015440
 0.760807 0.162908 0.025633 0.050651
 0.774813 0.044159 0.065497 0.115531
 0.888213 0.007327 0.046036 0.058424
 0.834074 0.105262 0.053334 0.007330
 0.875960 0.018140 0.096136 0.009763
 0.682343 0.160681 0.079899 0.077078
 0.752439 0.062097 0.062969 0.122494
 0.586188 0.115397 0.214413 0.084003
 0.818828 0.061279 0.019895 0.099999
 0.894051 0.059422 0.020892 0.025636

MOTIF 12-CCCCACCCCCACCCC STREME-12
letter-probability matrix: alength= 4 w= 15 nsites= 2154 P= 6.7e-010
 0.052910 0.838064 0.044092 0.064934
 0.053824 0.840958 0.052908 0.052309
 0.039816 0.884175 0.035510 0.040499
 0.050042 0.857779 0.044906 0.047273
 0.728965 0.034805 0.129241 0.106989
 0.058045 0.838064 0.058683 0.045208
 0.048502 0.846695 0.046233 0.058570
 0.066988 0.801097 0.055946 0.075969
 0.082306 0.793012 0.047298 0.077384
 0.088755 0.774796 0.068652 0.067797
 0.578550 0.128687 0.142423 0.150340
 0.093046 0.644341 0.150825 0.111789
 0.097624 0.707470 0.083331 0.111575
 0.097323 0.675020 0.098310 0.129347
 0.102945 0.686022 0.080119 0.130914

MOTIF 13-AGGAAGTGR STREME-13
letter-probability matrix: alength= 4 w= 9 nsites= 2041 P= 9.3e-010
 0.778230 0.098840 0.122835 0.000095
 0.000095 0.000086 0.999725 0.000095
 0.000095 0.000086 0.999725 0.000095
 0.999734 0.000086 0.000086 0.000095
 0.934754 0.000086 0.000086 0.065075
 0.122978 0.000086 0.876841 0.000095
 0.147763 0.033153 0.000086 0.818998
 0.057065 0.098207 0.844634 0.000095
 0.533040 0.000086 0.466779 0.000095

MOTIF 14-AAAATAMAAATA STREME-14
letter-probability matrix: alength= 4 w= 12 nsites= 3014 P= 5.2e-008
 0.732747 0.062436 0.055104 0.149713
 0.740039 0.047818 0.019799 0.192343
 0.810725 0.074683 0.046317 0.068275
 0.782958 0.093263 0.062490 0.061289
 0.000021 0.013496 0.019593 0.966889
 0.916437 0.000698 0.074404 0.008461
 0.401073 0.358500 0.099567 0.140860
 0.697185 0.018943 0.049213 0.234659
 0.685661 0.050094 0.059881 0.204364
 0.782592 0.055867 0.117176 0.044364
 0.129770 0.077169 0.011161 0.781901
 0.852949 0.034524 0.060430 0.052097

MOTIF 15-GAAATGAAA STREME-15
letter-probability matrix: alength= 4 w= 9 nsites= 3147 P= 6.3e-008
 0.147651 0.002599 0.788901 0.060849
 0.991240 0.000103 0.000103 0.008553
 0.993369 0.001709 0.003867 0.001055
 0.588899 0.205124 0.205863 0.000114
 0.047122 0.116205 0.044867 0.791805
 0.008712 0.001740 0.987270 0.002277
 0.773062 0.158907 0.045424 0.022606
 0.851822 0.067230 0.069321 0.011626
 0.908036 0.006912 0.059351 0.025701

MOTIF 16-ATGASTCAT STREME-16
letter-probability matrix: alength= 4 w= 9 nsites= 1020 P= 1.4e-006
 0.543237 0.225856 0.208501 0.022405
 0.000176 0.003550 0.000159 0.996116
 0.018253 0.000159 0.850523 0.131065
 0.996120 0.003545 0.000159 0.000176
 0.061451 0.438549 0.438549 0.061451
 0.000176 0.000159 0.003545 0.996120
 0.131065 0.850523 0.000159 0.018253
 0.996116 0.000159 0.003550 0.000176
 0.022405 0.208501 0.225856 0.543237

MOTIF 17-GCCTCAGTTTCCTCAT STREME-17
letter-probability matrix: alength= 4 w= 16 nsites= 320 P= 2.8e-006
 0.100538 0.021969 0.816231 0.061261
 0.061262 0.846779 0.013241 0.078718
 0.030713 0.903512 0.008877 0.056897
 0.043805 0.035061 0.008877 0.912256
 0.000165 0.907876 0.021969 0.069989
 0.872980 0.030697 0.061245 0.035077
 0.078717 0.030697 0.868600 0.021985
 0.030713 0.035061 0.017605 0.916620
 0.000165 0.069973 0.043789 0.886072
 0.026349 0.039425 0.035061 0.899164
 0.035077 0.807502 0.017605 0.139815
 0.039441 0.768228 0.035061 0.157270
 0.030713 0.187803 0.021969 0.759514
 0.026349 0.833688 0.039425 0.100538
 0.715876 0.131069 0.043789 0.109265
 0.035077 0.061245 0.048154 0.855523

MOTIF 18-ACACACACACACACACAC STREME-18
letter-probability matrix: alength= 4 w= 18 nsites= 254 P= 7.5e-004
 0.952151 0.000154 0.047525 0.000170
 0.022615 0.923196 0.000154 0.054036
 0.901532 0.006505 0.078326 0.013637
 0.004659 0.900752 0.009131 0.085458
 0.907883 0.033439 0.036064 0.022614
 0.000170 0.872575 0.004642 0.122612
 0.766621 0.004642 0.138790 0.089947
 0.022614 0.864841 0.000154 0.112391
 0.851392 0.000154 0.098908 0.049547
 0.013637 0.828931 0.062997 0.094435
 0.907883 0.004642 0.055882 0.031592
 0.063015 0.747265 0.040553 0.149167
 0.923213 0.000154 0.058508 0.018125
 0.013637 0.787666 0.049531 0.149167
 0.775460 0.062997 0.134440 0.027103
 0.000170 0.917843 0.009131 0.072856
 0.866886 0.062997 0.060969 0.009148
 0.103415 0.816465 0.004642 0.075477

MOTIF 19-CCCAGCTC STREME-19
letter-probability matrix: alength= 4 w= 8 nsites= 425 P= 8.3e-004
 0.023882 0.930664 0.021573 0.023882
 0.023882 0.930664 0.021573 0.023882
 0.023882 0.930664 0.021573 0.023882
 0.932973 0.021573 0.021573 0.023882
 0.023882 0.021573 0.930664 0.023882
 0.023882 0.930664 0.021573 0.023882
 0.023882 0.021573 0.021573 0.932973
 0.023882 0.930664 0.021573 0.023882

MOTIF 20-CCAGCTACTCG STREME-20
letter-probability matrix: alength= 4 w= 11 nsites= 67 P= 9.0e-004
 0.000653 0.963640 0.000590 0.035117
 0.000653 0.980872 0.000590 0.017885
 0.980935 0.000590 0.000590 0.017885
 0.009968 0.000590 0.971558 0.017885
 0.017885 0.946408 0.035054 0.000653
 0.017885 0.000590 0.000590 0.980935
 0.915612 0.048681 0.000590 0.035117
 0.000653 0.998104 0.000590 0.000653
 0.017885 0.000590 0.017822 0.963704
 0.052350 0.796207 0.000590 0.150853
 0.228965 0.000590 0.769792 0.000653

MOTIF 21-AACAACAACAAAAA STREME-21
letter-probability matrix: alength= 4 w= 14 nsites= 82 P= 9.7e-004
 0.984143 0.014823 0.000491 0.000543
 0.826485 0.029156 0.014823 0.129535
 0.000543 0.998423 0.000491 0.000543
 0.984143 0.000491 0.014823 0.000543
 0.998475 0.000491 0.000491 0.000543
 0.178486 0.806147 0.000491 0.014876
 0.955479 0.043488 0.000491 0.000543
 0.998475 0.000491 0.000491 0.000543
 0.029208 0.969758 0.000491 0.000543
 0.941146 0.057820 0.000491 0.000543
 0.955479 0.000491 0.014823 0.029208
 0.677168 0.307466 0.000491 0.014876
 0.797818 0.158150 0.000491 0.043541
 0.823509 0.017798 0.086487 0.072206

MOTIF 22-CAAGATGGCGGC STREME-22
letter-probability matrix: alength= 4 w= 12 nsites= 169 P= 1.3e-003
 0.107236 0.667566 0.142865 0.082333
 0.977849 0.000244 0.014506 0.007401
 0.999242 0.000244 0.000244 0.000270
 0.106022 0.134807 0.758901 0.000270
 0.920804 0.007375 0.071551 0.000270
 0.067407 0.021636 0.000244 0.910713
 0.007401 0.014505 0.963562 0.014532
 0.007401 0.000244 0.984954 0.007401
 0.057317 0.882163 0.000244 0.060276
 0.018864 0.043029 0.894038 0.044069
 0.142889 0.164252 0.685458 0.007401
 0.070366 0.861983 0.007375 0.060276

MOTIF 23-ACTACAAYTCCCA STREME-23
letter-probability matrix: alength= 4 w= 13 nsites= 87 P= 3.9e-003
 0.998639 0.000438 0.000438 0.000485
 0.000485 0.998592 0.000438 0.000485
 0.000485 0.000438 0.000438 0.998639
 0.998639 0.000438 0.000438 0.000485
 0.000485 0.998592 0.000438 0.000485
 0.760605 0.059380 0.128361 0.051653
 0.666021 0.077191 0.038815 0.217974
 0.082549 0.437882 0.128363 0.351206
 0.013277 0.000438 0.026022 0.960263
 0.000485 0.921839 0.000438 0.077238
 0.000485 0.998592 0.000438 0.000485
 0.000485 0.998592 0.000438 0.000485
 0.724691 0.000438 0.261594 0.013277

MOTIF 24-ACTGCACTCCAGCCTGGGYR STREME-24
letter-probability matrix: alength= 4 w= 20 nsites= 51 P= 3.9e-003
 0.924501 0.049442 0.025137 0.000921
 0.000921 0.900107 0.025137 0.073835
 0.025226 0.049442 0.000832 0.924501
 0.025226 0.049442 0.900107 0.025226
 0.049531 0.754278 0.025137 0.171054
 0.875891 0.122356 0.000832 0.000921
 0.025226 0.754278 0.073746 0.146749
 0.000921 0.000832 0.049442 0.948805
 0.025226 0.827193 0.146660 0.000921
 0.000921 0.973021 0.000832 0.025226
 0.973110 0.000832 0.000832 0.025226
 0.049531 0.073746 0.875802 0.000921
 0.000921 0.778583 0.049442 0.171054
 0.049531 0.875802 0.000832 0.073835
 0.049531 0.049442 0.000832 0.900196
 0.098140 0.073746 0.827193 0.000921
 0.000921 0.025137 0.900107 0.073835
 0.000921 0.098051 0.827193 0.073835
 0.146749 0.341098 0.122356 0.389797
 0.365492 0.073746 0.559841 0.000921

MOTIF 25-GCCCCGCCCC STREME-25
letter-probability matrix: alength= 4 w= 10 nsites= 219 P= 3.9e-003
 0.019499 0.012236 0.946188 0.022077
 0.015976 0.839033 0.026876 0.118115
 0.012491 0.961487 0.000442 0.025580
 0.143209 0.846759 0.001581 0.008451
 0.000309 0.942661 0.004206 0.052825
 0.040530 0.000279 0.958882 0.000309
 0.019974 0.974241 0.001709 0.004076
 0.000494 0.917631 0.043060 0.038815
 0.008451 0.950190 0.008421 0.032938
 0.094469 0.805623 0.019690 0.080218

MOTIF 26-AAGTGACTT STREME-26
letter-probability matrix: alength= 4 w= 9 nsites= 1643 P= 4.9e-003
 0.593104 0.219649 0.031761 0.155486
 0.735072 0.131564 0.128875 0.004489
 0.246910 0.000185 0.752701 0.000205
 0.000205 0.000688 0.070456 0.928652
 0.120402 0.000185 0.879208 0.000205
 0.942454 0.000185 0.000185 0.057176
 0.000205 0.999406 0.000185 0.000205
 0.028702 0.120411 0.049377 0.801509
 0.052994 0.043270 0.120118 0.783618

MOTIF 27-GCAGCRGCK STREME-27
letter-probability matrix: alength= 4 w= 9 nsites= 1720 P= 5.8e-003
 0.000286 0.000258 0.999170 0.000286
 0.057166 0.858015 0.000258 0.084561
 0.797364 0.042647 0.068100 0.091889
 0.000286 0.000258 0.999170 0.000286
 0.000286 0.963530 0.000258 0.035926
 0.599730 0.039070 0.360915 0.000286
 0.045453 0.000258 0.807307 0.146982
 0.000286 0.999170 0.000258 0.000286
 0.055860 0.048540 0.497730 0.397871

MOTIF 28-GATTACAGGCRTGA STREME-28
letter-probability matrix: alength= 4 w= 14 nsites= 115 P= 5.8e-003
 0.043843 0.000337 0.955446 0.000373
 0.979261 0.000337 0.020029 0.000373
 0.000373 0.157873 0.000337 0.841417
 0.000373 0.000337 0.000337 0.998953
 0.969415 0.000337 0.029875 0.000373
 0.000373 0.870917 0.010183 0.118527
 0.989107 0.000337 0.010183 0.000373
 0.079147 0.000337 0.910297 0.010219
 0.053689 0.000337 0.945600 0.000373
 0.039757 0.752760 0.000337 0.207146
 0.344994 0.000337 0.654296 0.000373
 0.000373 0.157874 0.010183 0.831570
 0.088987 0.088953 0.801995 0.020065
 0.624802 0.236644 0.020029 0.118525

MOTIF 29-CTCYCTCYYYCYCTYYCYC STREME-29
letter-probability matrix: alength= 4 w= 19 nsites= 1286 P= 5.9e-003
 0.018495 0.661195 0.076398 0.243913
 0.000032 0.000029 0.000029 0.999911
 0.000032 0.719260 0.000029 0.280680
 0.000032 0.543020 0.078076 0.378872
 0.000032 0.617208 0.075559 0.307202
 0.000032 0.224940 0.000029 0.775000
 0.000032 0.866472 0.020170 0.113326
 0.050385 0.356713 0.050382 0.542520
 0.006746 0.560141 0.104092 0.329022
 0.042832 0.402854 0.030241 0.524073
 0.003389 0.666737 0.081433 0.248441
 0.000032 0.401192 0.050382 0.548395
 0.000032 0.675114 0.119198 0.205656
 0.068848 0.212351 0.107797 0.611004
 0.000032 0.564353 0.120876 0.314739
 0.000032 0.592534 0.059613 0.347821
 0.061295 0.676792 0.001707 0.260206
 0.094864 0.348305 0.018492 0.538340
 0.035279 0.624776 0.129269 0.210676

MOTIF 30-CCTTGGGCAAGTYAC STREME-30
letter-probability matrix: alength= 4 w= 15 nsites= 117 P= 6.4e-003
 0.113995 0.771731 0.000278 0.113996
 0.000308 0.942262 0.000278 0.057152
 0.000308 0.008399 0.008399 0.982895
 0.008428 0.008399 0.000278 0.982895
 0.057152 0.000278 0.934142 0.008428
 0.146478 0.000278 0.844816 0.008428
 0.138357 0.057122 0.779851 0.024669
 0.040910 0.861057 0.065242 0.032790
 0.934172 0.008399 0.016519 0.040910
 0.934172 0.000278 0.016519 0.049031
 0.113996 0.000278 0.877298 0.008428
 0.227683 0.122086 0.057122 0.593109
 0.065272 0.341341 0.105845 0.487542
 0.747399 0.081483 0.113966 0.057152
 0.065272 0.690525 0.073363 0.170840

MOTIF 31-GACTGGGTAATTTATAAAG STREME-31
letter-probability matrix: alength= 4 w= 19 nsites= 57 P= 7.8e-003
 0.183900 0.000697 0.814632 0.000771
 0.896098 0.000697 0.102435 0.000771
 0.041466 0.855328 0.000697 0.102509
 0.041466 0.021044 0.000697 0.936793
 0.082161 0.000697 0.916371 0.000771
 0.122858 0.000697 0.855327 0.021119
 0.122857 0.061739 0.794285 0.021119
 0.000771 0.021044 0.000697 0.977488
 0.936793 0.000697 0.061739 0.000771
 0.977488 0.021044 0.000697 0.000771
 0.000771 0.021044 0.000697 0.977488
 0.000771 0.041392 0.021044 0.936793
 0.021119 0.061739 0.000697 0.916445
 0.936793 0.061739 0.000697 0.000771
 0.122857 0.122782 0.041392 0.712969
 0.896097 0.000697 0.102435 0.000771
 0.835055 0.061739 0.102435 0.000771
 0.896098 0.000697 0.082087 0.021119
 0.122857 0.061739 0.814633 0.000771

MOTIF 32-RAACCACAG STREME-32
letter-probability matrix: alength= 4 w= 9 nsites= 656 P= 9.1e-003
 0.411925 0.129530 0.289482 0.169063
 0.998776 0.000394 0.000394 0.000436
 0.998776 0.000394 0.000394 0.000436
 0.000436 0.998734 0.000394 0.000436
 0.000436 0.998734 0.000394 0.000436
 0.872080 0.000394 0.127090 0.000436
 0.000436 0.998734 0.000394 0.000436
 0.681642 0.317527 0.000394 0.000436
 0.321733 0.000394 0.677437 0.000436

MOTIF 33-CTGCCTCAGCC STREME-33
letter-probability matrix: alength= 4 w= 11 nsites= 111 P= 1.1e-002
 0.000735 0.997867 0.000664 0.000735
 0.000735 0.000664 0.070592 0.928010
 0.097656 0.000664 0.900945 0.000735
 0.000735 0.997867 0.000664 0.000735
 0.000735 0.989823 0.008708 0.000735
 0.000735 0.000664 0.136345 0.862256
 0.008779 0.759361 0.000664 0.231196
 0.681448 0.000664 0.317154 0.000735
 0.000735 0.000664 0.997867 0.000735
 0.000735 0.997867 0.000664 0.000735
 0.000735 0.997867 0.000664 0.000735

MOTIF 34-GAAACCACR STREME-34
letter-probability matrix: alength= 4 w= 9 nsites= 1864 P= 1.1e-002
 0.000143 0.000129 0.979287 0.020441
 0.656762 0.169628 0.019211 0.154399
 0.787614 0.000129 0.141659 0.070598
 0.983822 0.008106 0.007929 0.000143
 0.000143 0.999586 0.000129 0.000143
 0.000143 0.633941 0.184073 0.181843
 0.853377 0.098929 0.047551 0.000143
 0.193390 0.687091 0.074971 0.044548
 0.340735 0.090455 0.561222 0.007588

MOTIF 35-AAGCAAATA STREME-35
letter-probability matrix: alength= 4 w= 9 nsites= 1814 P= 1.2e-002
 0.989985 0.000271 0.000271 0.009472
 0.653838 0.055738 0.000271 0.290153
 0.042296 0.019269 0.923912 0.014523
 0.046832 0.848875 0.082118 0.022175
 0.966374 0.025132 0.008193 0.000300
 0.989335 0.010094 0.000271 0.000300
 0.961458 0.012281 0.025961 0.000300
 0.000300 0.057476 0.052375 0.889848
 0.653026 0.160233 0.186440 0.000300

MOTIF 36-TCATTCATTCATTCATTCAT STREME-36
letter-probability matrix: alength= 4 w= 20 nsites= 88 P= 1.9e-002
 0.032969 0.043782 0.054634 0.868615
 0.087232 0.651524 0.022077 0.239167
 0.803500 0.065487 0.065487 0.065526
 0.032969 0.054634 0.022077 0.890320
 0.000411 0.141455 0.032929 0.825205
 0.065527 0.911985 0.000372 0.022116
 0.933730 0.022077 0.043782 0.000411
 0.000411 0.087192 0.000372 0.912025
 0.011264 0.087192 0.022077 0.879468
 0.065527 0.705787 0.043782 0.184904
 0.857763 0.043782 0.032929 0.065526
 0.022116 0.065487 0.054634 0.857763
 0.000411 0.174012 0.065487 0.760090
 0.141495 0.673229 0.054634 0.130642
 0.846910 0.000372 0.076340 0.076379
 0.087232 0.054634 0.054634 0.803500
 0.032969 0.228275 0.000372 0.738385
 0.228315 0.477883 0.130602 0.163200
 0.868615 0.022077 0.065487 0.043821
 0.250020 0.087192 0.032929 0.629860

MOTIF 37-ATTTTTTTTTTTAAA STREME-37
letter-probability matrix: alength= 4 w= 15 nsites= 76 P= 1.9e-002
 0.685766 0.034082 0.040490 0.239662
 0.020658 0.000681 0.008942 0.969719
 0.000754 0.000681 0.000681 0.997883
 0.020658 0.000681 0.020585 0.958076
 0.000754 0.000681 0.060395 0.938169
 0.000754 0.000681 0.000681 0.997883
 0.000754 0.000681 0.000681 0.997883
 0.000754 0.000681 0.000681 0.997883
 0.020658 0.040490 0.000681 0.938171
 0.020658 0.020585 0.000681 0.958076
 0.000754 0.040490 0.000681 0.958075
 0.000754 0.020585 0.000681 0.977979
 0.858545 0.020585 0.000681 0.120189
 0.918267 0.040490 0.020585 0.020658
 0.838645 0.100208 0.020585 0.040562

MOTIF 38-CAGGGCTGGG STREME-38
letter-probability matrix: alength= 4 w= 10 nsites= 265 P= 2.1e-002
 0.000615 0.985623 0.000556 0.013206
 0.898052 0.058494 0.042839 0.000615
 0.044254 0.036889 0.800812 0.118044
 0.000615 0.065400 0.933369 0.000615
 0.000615 0.000556 0.998214 0.000615
 0.031229 0.947836 0.000556 0.020380
 0.000615 0.013804 0.006138 0.979443
 0.003917 0.131296 0.751293 0.113493
 0.000615 0.016788 0.981982 0.000615
 0.000615 0.000556 0.998214 0.000615

MOTIF 39-AGGAAGCAA STREME-39
letter-probability matrix: alength= 4 w= 9 nsites= 1009 P= 2.3e-002
 0.978074 0.002222 0.004351 0.015353
 0.027762 0.111658 0.840328 0.020252
 0.076500 0.015694 0.898098 0.009709
 0.885001 0.004398 0.004299 0.106302
 0.965072 0.012894 0.013704 0.008330
 0.008603 0.058967 0.907095 0.025335
 0.072166 0.880273 0.047128 0.000433
 0.862914 0.066632 0.006574 0.063881
 0.866944 0.021810 0.072205 0.039041

MOTIF 40-CCATTTTACAGATRAR STREME-40
letter-probability matrix: alength= 4 w= 16 nsites= 221 P= 2.8e-002
 0.100592 0.741278 0.028852 0.129278
 0.004963 0.961223 0.009726 0.024088
 0.975585 0.000164 0.009726 0.014525
 0.000181 0.062321 0.024071 0.913427
 0.004963 0.086228 0.000164 0.908645
 0.047995 0.004945 0.105356 0.841704
 0.052776 0.067103 0.047977 0.832143
 0.884739 0.004945 0.095791 0.014525
 0.038432 0.698246 0.028852 0.234470
 0.913427 0.019289 0.033633 0.033651
 0.100590 0.043196 0.817782 0.038432
 0.736516 0.067103 0.047977 0.148404
 0.119717 0.071884 0.138824 0.669574
 0.315752 0.014508 0.593057 0.076683
 0.693483 0.019289 0.143606 0.143622
 0.373130 0.038415 0.554804 0.033651

MOTIF 41-AGCACTTTGGG STREME-41
letter-probability matrix: alength= 4 w= 11 nsites= 67 P= 3.1e-002
 0.744800 0.253603 0.000758 0.000839
 0.000839 0.000758 0.997563 0.000839
 0.000839 0.997563 0.000758 0.000839
 0.997644 0.000758 0.000758 0.000839
 0.000839 0.997563 0.000758 0.000839
 0.000839 0.000758 0.000758 0.997644
 0.000839 0.000758 0.000758 0.997644
 0.000839 0.263697 0.000758 0.734705
 0.000839 0.191420 0.806901 0.000839
 0.000839 0.045057 0.953264 0.000839
 0.000839 0.000758 0.997563 0.000839

MOTIF 42-TATTTTTAA STREME-42
letter-probability matrix: alength= 4 w= 9 nsites= 1850 P= 3.5e-002
 0.000173 0.000156 0.068630 0.931041
 0.999515 0.000156 0.000156 0.000173
 0.000173 0.101752 0.000156 0.897919
 0.000173 0.070187 0.000156 0.929484
 0.155669 0.000156 0.000156 0.844019
 0.144129 0.118161 0.114164 0.623546
 0.184580 0.099911 0.000156 0.715353
 0.999515 0.000156 0.000156 0.000173
 0.793158 0.000156 0.118861 0.087824

MOTIF 43-CGCAGGCGCAG STREME-43
letter-probability matrix: alength= 4 w= 11 nsites= 118 P= 4.6e-002
 0.000507 0.998527 0.000458 0.000507
 0.000507 0.000458 0.998527 0.000507
 0.013894 0.971754 0.000458 0.013894
 0.971803 0.013845 0.013845 0.000507
 0.040669 0.175253 0.597015 0.187062
 0.000507 0.054008 0.944978 0.000507
 0.000507 0.998527 0.000458 0.000507
 0.000507 0.000458 0.998527 0.000507
 0.000507 0.998527 0.000458 0.000507
 0.870626 0.040620 0.088246 0.000507
 0.064917 0.268222 0.607249 0.059613

MOTIF 44-AAATATTT STREME-44
letter-probability matrix: alength= 4 w= 8 nsites= 183 P= 8.0e-002
 0.932973 0.021573 0.021573 0.023882
 0.932973 0.021573 0.021573 0.023882
 0.932973 0.021573 0.021573 0.023882
 0.023882 0.021573 0.021573 0.932973
 0.932973 0.021573 0.021573 0.023882
 0.023882 0.021573 0.021573 0.932973
 0.023882 0.021573 0.021573 0.932973
 0.023882 0.021573 0.021573 0.932973

MOTIF 45-CACCATGTTGGYCAGGC STREME-45
letter-probability matrix: alength= 4 w= 17 nsites= 62 P= 1.9e-001
 0.000652 0.963710 0.000589 0.035049
 0.929376 0.000589 0.000589 0.069446
 0.000652 0.860519 0.103780 0.035049
 0.000652 0.912115 0.017787 0.069446
 0.963773 0.017787 0.017787 0.000652
 0.017850 0.120979 0.000589 0.860582
 0.189836 0.103780 0.705732 0.000652
 0.052248 0.120979 0.103780 0.722993
 0.000652 0.000589 0.034986 0.963773
 0.052248 0.000589 0.826121 0.121042
 0.052248 0.120979 0.791725 0.035049
 0.000652 0.619738 0.000589 0.379022
 0.035049 0.757327 0.086582 0.121042
 0.946575 0.017787 0.000589 0.035049
 0.121042 0.017787 0.860519 0.000652
 0.086645 0.103780 0.722931 0.086645
 0.017850 0.826122 0.000589 0.155439

MOTIF 46-CAACATGGATGAACCTTGA STREME-46
letter-probability matrix: alength= 4 w= 19 nsites= 57 P= 5.0e-001
 0.051364 0.778340 0.068210 0.102087
 0.947479 0.017487 0.017487 0.017548
 0.795310 0.000579 0.152748 0.051364
 0.051364 0.778340 0.034394 0.135902
 0.879848 0.000579 0.102025 0.017548
 0.000641 0.034394 0.034394 0.930571
 0.051364 0.017487 0.913601 0.017548
 0.152810 0.034394 0.812155 0.000641
 0.930571 0.017487 0.034394 0.017548
 0.000641 0.135840 0.017487 0.846033
 0.186625 0.017487 0.795248 0.000641
 0.896755 0.000579 0.068210 0.034456
 0.862940 0.000579 0.118933 0.017548
 0.085180 0.609263 0.118933 0.186625
 0.017548 0.862878 0.017487 0.102087
 0.000641 0.034394 0.000579 0.964386
 0.000641 0.135841 0.237287 0.626231
 0.220441 0.000579 0.710709 0.068271
 0.947479 0.017487 0.034394 0.000641

********************************************************************************
Stopped because 3 consecutive motifs exceeded the p-value threshold (0.05).
********************************************************************************
COMMAND:	streme --p WT-unique.fa --oc WT-unique --maxw 21
********************************************************************************
CPU:		GPURTX
********************************************************************************
FINALTIME:	5324.07 seconds
********************************************************************************
