loss
0.7059000630589093
0.6380988341868803
0.6025825951655003
0.5860711884709586
0.5648598658651729
0.5515866795648164
0.5437531311251772
0.537118223740288
0.5305731278956816
0.5238995835141095
0.5153834185944898
0.506787857914393
0.49675148584849715
0.4887894819268083
0.47903506462201256
0.47133283945663135
0.46376014933825244
0.45559118349643585
0.4495496322623396
0.44254582698366285
0.4388118231542694
0.4310132408388245
0.42649146562832296
0.4188760238586977
0.41796168482760765
0.4121415557059567
0.4069042170645565
