********************************************************************************
STREME - Sensitive, Thorough, Rapid, Enriched Motif Elicitation
********************************************************************************
MEME version 5.3.0 (Release date: Wed Nov 25 19:19:29 2020 -0800)

For further information on how to interpret please access http://meme-suite.org.
To get a copy of the MEME Suite software please access http://meme-suite.org.

********************************************************************************


********************************************************************************
REFERENCE
********************************************************************************
If you use this program in your research, please cite:

Timothy L. Bailey,
"STREME: Accurate and versatile sequence motif discovery",
bioRxiv, (preprint), Nov. 23, 2020.
********************************************************************************


ALPHABET= ACGT

strands: + -

Background letter frequencies
A 0.268 C 0.232 G 0.232 T 0.268 

MOTIF 1-CCAGCCTGGGCRACAKRGYGA STREME-1
letter-probability matrix: alength= 4 w= 21 nsites= 2502 P= 4.3e-080
 0.016932 0.921609 0.021826 0.039633
 0.008029 0.942084 0.005356 0.044530
 0.976361 0.005802 0.010253 0.007584
 0.033847 0.012924 0.885546 0.067684
 0.009810 0.937188 0.013369 0.039634
 0.012036 0.945646 0.009362 0.032956
 0.004023 0.018710 0.002241 0.975026
 0.046755 0.008917 0.937633 0.006694
 0.088603 0.004021 0.896231 0.011145
 0.032066 0.313482 0.637074 0.017377
 0.027615 0.716368 0.009363 0.246654
 0.653141 0.012924 0.329913 0.004023
 0.965233 0.004021 0.025387 0.005359
 0.018267 0.896235 0.024052 0.061445
 0.951879 0.006247 0.036515 0.005359
 0.097062 0.080143 0.423847 0.398948
 0.558726 0.011143 0.412754 0.017377
 0.104629 0.008472 0.878424 0.008475
 0.054770 0.363287 0.098840 0.483103
 0.218147 0.063672 0.689672 0.028509
 0.916263 0.005802 0.067235 0.010700

MOTIF 2-CCTGTAATCCCAGCWMYTTG STREME-2
letter-probability matrix: alength= 4 w= 20 nsites= 2214 P= 2.6e-070
 0.012462 0.924770 0.012978 0.049790
 0.008315 0.947580 0.002609 0.041496
 0.002612 0.012978 0.005720 0.978690
 0.085564 0.009867 0.900401 0.004167
 0.004686 0.023346 0.005201 0.966766
 0.955361 0.010386 0.030086 0.004167
 0.770237 0.007275 0.218320 0.004167
 0.006759 0.016607 0.001054 0.975580
 0.014017 0.926846 0.015570 0.043567
 0.011944 0.906622 0.004683 0.076751
 0.007278 0.930992 0.002091 0.059639
 0.971432 0.004165 0.018680 0.005723
 0.063797 0.008312 0.923206 0.004686
 0.016609 0.920106 0.014015 0.049270
 0.523392 0.013496 0.013496 0.449615
 0.438210 0.493318 0.030604 0.037867
 0.003649 0.435097 0.006238 0.555016
 0.003649 0.027494 0.015051 0.953806
 0.021275 0.294569 0.026457 0.657699
 0.161293 0.020754 0.794604 0.023349

MOTIF 3-AGGCYGAGGCRGGAGRATCRC STREME-3
letter-probability matrix: alength= 4 w= 21 nsites= 2183 P= 2.3e-069
 0.972028 0.001071 0.014766 0.012135
 0.040051 0.002125 0.954643 0.003181
 0.024250 0.008445 0.956750 0.010555
 0.007394 0.960964 0.003705 0.027937
 0.010555 0.336089 0.006338 0.647018
 0.161205 0.006865 0.826643 0.005288
 0.981509 0.001071 0.011605 0.005814
 0.044792 0.005812 0.944109 0.005288
 0.049533 0.003178 0.937261 0.010028
 0.015295 0.718661 0.009499 0.256545
 0.563795 0.008445 0.405617 0.022143
 0.060067 0.027408 0.894596 0.017929
 0.065862 0.005812 0.926200 0.002127
 0.609616 0.199660 0.017926 0.172798
 0.131707 0.005812 0.853507 0.008975
 0.434212 0.011079 0.553109 0.001601
 0.978349 0.005285 0.012659 0.003707
 0.004234 0.030041 0.004231 0.961494
 0.019509 0.725457 0.067464 0.187570
 0.544207 0.023720 0.404136 0.027937
 0.013715 0.908818 0.012132 0.065335

MOTIF 4-YCYGTCTCWAMWAAAAA STREME-4
letter-probability matrix: alength= 4 w= 17 nsites= 2230 P= 7.4e-051
 0.032674 0.561411 0.005954 0.399962
 0.009914 0.908115 0.006943 0.075028
 0.015562 0.607663 0.003974 0.372801
 0.317178 0.004469 0.669428 0.008924
 0.002493 0.033865 0.001501 0.962142
 0.007935 0.962344 0.005459 0.024262
 0.002988 0.004469 0.000017 0.992527
 0.011399 0.936529 0.013622 0.038450
 0.433324 0.025949 0.006654 0.534073
 0.962347 0.004469 0.026238 0.006945
 0.476861 0.480060 0.007438 0.035641
 0.557062 0.034155 0.012880 0.395904
 0.942847 0.022280 0.022775 0.012098
 0.948989 0.022775 0.011396 0.016840
 0.947999 0.017333 0.011890 0.022778
 0.930973 0.023475 0.012385 0.033167
 0.913452 0.022775 0.026733 0.037041

MOTIF 5-GAGGTCAGGAGTTCGAGA STREME-5
letter-probability matrix: alength= 4 w= 18 nsites= 1193 P= 1.0e-037
 0.073829 0.006570 0.916763 0.002838
 0.984956 0.001899 0.008438 0.004706
 0.045805 0.002833 0.944787 0.006574
 0.033663 0.161637 0.776642 0.028058
 0.007509 0.255051 0.003767 0.733673
 0.004706 0.939182 0.006570 0.049542
 0.935449 0.005636 0.056077 0.002838
 0.057014 0.006570 0.928908 0.007508
 0.034596 0.008438 0.955996 0.000970
 0.957868 0.007504 0.025251 0.009377
 0.033662 0.004702 0.957864 0.003772
 0.125222 0.014042 0.000031 0.860705
 0.000970 0.012174 0.003767 0.983088
 0.002838 0.687813 0.033659 0.275690
 0.315892 0.029922 0.644810 0.009377
 0.972814 0.010306 0.014042 0.002838
 0.044871 0.006570 0.940117 0.008443
 0.959737 0.004702 0.031789 0.003772

MOTIF 6-CTCACTGCAACCTCYRCCTC STREME-6
letter-probability matrix: alength= 4 w= 20 nsites= 1329 P= 3.7e-037
 0.006712 0.942295 0.009212 0.041780
 0.003372 0.017562 0.002533 0.976533
 0.006712 0.943130 0.007543 0.042615
 0.946474 0.010882 0.037601 0.005042
 0.008382 0.941460 0.008378 0.041781
 0.009217 0.061816 0.006708 0.922259
 0.056810 0.005038 0.930605 0.007547
 0.018401 0.940625 0.004203 0.036771
 0.980708 0.007543 0.006708 0.005042
 0.794505 0.009213 0.194580 0.001702
 0.021742 0.820353 0.111115 0.046791
 0.007547 0.930605 0.012552 0.049296
 0.007547 0.015057 0.003368 0.974028
 0.001702 0.922255 0.010047 0.065995
 0.065996 0.537978 0.086867 0.309160
 0.356627 0.015892 0.614924 0.012557
 0.065160 0.886352 0.008378 0.040111
 0.005042 0.916409 0.004203 0.074346
 0.005877 0.028417 0.007543 0.958164
 0.010052 0.933110 0.015057 0.041781

MOTIF 7-MAAAAATTAGCCRG STREME-7
letter-probability matrix: alength= 4 w= 14 nsites= 1014 P= 1.5e-032
 0.404550 0.522590 0.018299 0.054561
 0.891961 0.094610 0.008937 0.004493
 0.989409 0.002724 0.002262 0.005605
 0.988758 0.004487 0.003375 0.003380
 0.987835 0.007174 0.000037 0.004954
 0.972722 0.004487 0.019411 0.003380
 0.002268 0.014961 0.004949 0.977823
 0.001155 0.019873 0.003375 0.975597
 0.993208 0.000037 0.004487 0.002268
 0.011168 0.007824 0.974291 0.006718
 0.006718 0.946667 0.007173 0.039442
 0.006718 0.693646 0.005599 0.294037
 0.400435 0.005599 0.577885 0.016080
 0.035453 0.003375 0.957037 0.004135

MOTIF 8-GCCACTGCAC STREME-8
letter-probability matrix: alength= 4 w= 10 nsites= 1903 P= 2.8e-032
 0.187262 0.000025 0.812684 0.000029
 0.000029 0.999916 0.000025 0.000029
 0.000029 0.999916 0.000025 0.000029
 0.999920 0.000025 0.000025 0.000029
 0.000029 0.895999 0.000025 0.103946
 0.000029 0.289239 0.011385 0.699346
 0.161605 0.000025 0.838340 0.000029
 0.000029 0.999916 0.000025 0.000029
 0.772367 0.000025 0.227579 0.000029
 0.000029 0.999916 0.000025 0.000029

MOTIF 9-GCATGGTGGCKCAYG STREME-9
letter-probability matrix: alength= 4 w= 15 nsites= 1148 P= 2.5e-024
 0.057822 0.016682 0.913705 0.011790
 0.012770 0.874121 0.017662 0.095447
 0.645516 0.020600 0.293690 0.040193
 0.019626 0.320731 0.010806 0.648838
 0.140107 0.014724 0.836317 0.008852
 0.059781 0.000033 0.933293 0.006894
 0.004935 0.032759 0.000033 0.962273
 0.061740 0.003950 0.932313 0.001997
 0.076431 0.004930 0.908808 0.009832
 0.002976 0.726227 0.008847 0.261950
 0.190453 0.012765 0.302674 0.494108
 0.010811 0.702316 0.161064 0.125808
 0.711542 0.005909 0.270759 0.011791
 0.008852 0.582237 0.007868 0.401043
 0.250779 0.001992 0.734460 0.012770

MOTIF 10-CCGGGTTCAA STREME-10
letter-probability matrix: alength= 4 w= 10 nsites= 799 P= 7.2e-018
 0.001906 0.991971 0.000415 0.005708
 0.000071 0.699328 0.007402 0.293200
 0.236797 0.001896 0.753269 0.008038
 0.007765 0.001896 0.988433 0.001906
 0.006037 0.003217 0.982531 0.008215
 0.001186 0.017682 0.000232 0.980900
 0.000751 0.001314 0.001314 0.996621
 0.001186 0.996698 0.000210 0.001906
 0.979031 0.005699 0.014893 0.000377
 0.904088 0.075652 0.010785 0.009474

MOTIF 11-AAAAAAAAAAAVAAA STREME-11
letter-probability matrix: alength= 4 w= 15 nsites= 1376 P= 1.3e-015
 0.999876 0.000039 0.000039 0.000045
 0.917019 0.082896 0.000039 0.000045
 0.972786 0.012162 0.015007 0.000045
 0.690125 0.149304 0.075837 0.084734
 0.942580 0.028121 0.014563 0.014736
 0.878377 0.040876 0.041970 0.038777
 0.804263 0.112330 0.062305 0.021101
 0.636027 0.179227 0.094921 0.089825
 0.999876 0.000039 0.000039 0.000045
 0.999876 0.000039 0.000039 0.000045
 0.999876 0.000039 0.000039 0.000045
 0.246748 0.340235 0.257074 0.155944
 0.954068 0.000039 0.045848 0.000045
 0.999876 0.000039 0.000039 0.000045
 0.990895 0.009020 0.000039 0.000045

MOTIF 12-CCCCACCCCC STREME-12
letter-probability matrix: alength= 4 w= 10 nsites= 2168 P= 5.9e-011
 0.017066 0.969818 0.000168 0.012949
 0.005240 0.958954 0.005326 0.030479
 0.005566 0.989621 0.000588 0.004225
 0.031258 0.951203 0.005561 0.011978
 0.739308 0.000076 0.175431 0.085185
 0.031205 0.890311 0.035605 0.042879
 0.013416 0.958467 0.009551 0.018565
 0.007389 0.948323 0.008031 0.036258
 0.056366 0.906751 0.011647 0.025237
 0.076187 0.850494 0.041902 0.031416

MOTIF 13-CCGAGATCGC STREME-13
letter-probability matrix: alength= 4 w= 10 nsites= 825 P= 7.8e-011
 0.001823 0.987182 0.007417 0.003578
 0.014636 0.798234 0.015854 0.171276
 0.211208 0.000059 0.785720 0.003013
 0.988179 0.007495 0.003530 0.000796
 0.010936 0.003004 0.982482 0.003578
 0.988141 0.001202 0.010589 0.000068
 0.002772 0.000059 0.000059 0.997111
 0.002538 0.804140 0.019679 0.173643
 0.246039 0.000059 0.746814 0.007088
 0.000796 0.756022 0.001007 0.242174

MOTIF 14-AGGAAGTGAVR STREME-14
letter-probability matrix: alength= 4 w= 11 nsites= 6579 P= 2.7e-009
 0.658832 0.169848 0.147568 0.023753
 0.000363 0.049531 0.939026 0.011080
 0.018057 0.011996 0.911001 0.058945
 0.950413 0.002553 0.004523 0.042511
 0.876119 0.113820 0.003375 0.006686
 0.104684 0.087398 0.805067 0.002850
 0.132060 0.146480 0.111280 0.610180
 0.145792 0.116424 0.623686 0.114099
 0.625806 0.063394 0.306994 0.003807
 0.273651 0.261429 0.346058 0.118861
 0.454630 0.098203 0.265131 0.182036

MOTIF 15-ACACACACACACACACACAC STREME-15
letter-probability matrix: alength= 4 w= 20 nsites= 593 P= 5.7e-009
 0.903489 0.000065 0.096370 0.000075
 0.044964 0.776310 0.036288 0.142438
 0.913109 0.031293 0.055523 0.000075
 0.023496 0.754644 0.000065 0.221795
 0.961902 0.000065 0.037958 0.000075
 0.000075 0.839377 0.000065 0.160483
 0.835851 0.015679 0.109361 0.039109
 0.066433 0.657732 0.019582 0.256253
 0.773396 0.013727 0.203042 0.009834
 0.000075 0.739840 0.031293 0.228792
 0.911967 0.011776 0.035196 0.041061
 0.025448 0.724227 0.054713 0.195613
 0.867078 0.009824 0.058616 0.064482
 0.054723 0.769926 0.029341 0.146010
 0.828044 0.039099 0.121071 0.011786
 0.044965 0.661772 0.046906 0.246357
 0.769493 0.074230 0.113264 0.043013
 0.091806 0.655714 0.047882 0.204598
 0.801696 0.059592 0.082037 0.056675
 0.150609 0.653883 0.037148 0.158360

MOTIF 16-AAVTRAAAC STREME-16
letter-probability matrix: alength= 4 w= 9 nsites= 4109 P= 2.6e-008
 0.925877 0.000078 0.000078 0.073967
 0.999755 0.000078 0.000078 0.000090
 0.448997 0.247687 0.275369 0.027947
 0.000090 0.199464 0.079461 0.720985
 0.405823 0.000078 0.594009 0.000090
 0.966632 0.033201 0.000078 0.000090
 0.966075 0.000078 0.000078 0.033769
 0.987215 0.000078 0.000078 0.012630
 0.000090 0.623539 0.232217 0.144154

MOTIF 17-GCCTCAGTTTCCTCATCTGT STREME-17
letter-probability matrix: alength= 4 w= 20 nsites= 294 P= 2.0e-007
 0.121939 0.014449 0.827649 0.035962
 0.061039 0.752419 0.021614 0.164928
 0.025215 0.867055 0.003702 0.104027
 0.018050 0.010867 0.000120 0.970963
 0.000138 0.888550 0.000120 0.111192
 0.867074 0.003702 0.100426 0.028797
 0.132686 0.021614 0.820485 0.025215
 0.010886 0.028779 0.018032 0.942304
 0.007303 0.086097 0.053856 0.852744
 0.018050 0.032361 0.014449 0.935139
 0.028797 0.730925 0.014449 0.225828
 0.018050 0.773914 0.014449 0.193587
 0.053874 0.204315 0.010867 0.730943
 0.028797 0.763167 0.014449 0.193587
 0.759603 0.053856 0.078932 0.107610
 0.018050 0.053856 0.028779 0.899315
 0.035962 0.781078 0.039526 0.143433
 0.028797 0.075350 0.018032 0.877821
 0.168510 0.064603 0.720178 0.046709
 0.025215 0.136250 0.086097 0.752438

MOTIF 18-ATGASTCAT STREME-18
letter-probability matrix: alength= 4 w= 9 nsites= 1598 P= 3.5e-006
 0.503799 0.191546 0.231767 0.072889
 0.000174 0.000512 0.000151 0.999163
 0.000174 0.000151 0.929358 0.070317
 0.999524 0.000151 0.000151 0.000174
 0.000174 0.499826 0.499826 0.000174
 0.000174 0.000151 0.000151 0.999524
 0.070317 0.929358 0.000151 0.000174
 0.999163 0.000151 0.000512 0.000174
 0.072889 0.231767 0.191546 0.503799

MOTIF 19-CCAGCCTGGSCAACA STREME-19
letter-probability matrix: alength= 4 w= 15 nsites= 83 P= 6.0e-005
 0.000593 0.936898 0.031215 0.031294
 0.015943 0.936898 0.000514 0.046644
 0.967678 0.031215 0.000514 0.000593
 0.000593 0.046565 0.844792 0.108050
 0.015943 0.952249 0.015865 0.015943
 0.031294 0.936898 0.015865 0.015943
 0.000593 0.031215 0.000514 0.967678
 0.015943 0.061915 0.921548 0.000593
 0.215498 0.000514 0.783394 0.000593
 0.061995 0.507085 0.414977 0.015943
 0.000593 0.890843 0.000514 0.108050
 0.906275 0.000514 0.077267 0.015943
 0.967678 0.000514 0.015865 0.015943
 0.000593 0.860145 0.031215 0.108047
 0.921627 0.015865 0.031215 0.031294

MOTIF 20-AWGCAAATA STREME-20
letter-probability matrix: alength= 4 w= 9 nsites= 3459 P= 6.4e-005
 0.979993 0.000101 0.013028 0.006878
 0.532958 0.038074 0.000101 0.428867
 0.000117 0.000101 0.999665 0.000117
 0.139298 0.631633 0.188253 0.040816
 0.988033 0.000101 0.011749 0.000117
 0.980807 0.000101 0.018975 0.000117
 0.936907 0.007567 0.000101 0.055425
 0.000117 0.280643 0.079256 0.639985
 0.620304 0.155348 0.224231 0.000117

MOTIF 21-CAGCAGCAGCAGC STREME-21
letter-probability matrix: alength= 4 w= 13 nsites= 515 P= 6.4e-005
 0.022696 0.830547 0.063626 0.083131
 0.636072 0.138483 0.137919 0.087526
 0.005045 0.002125 0.972417 0.020413
 0.138915 0.750469 0.018765 0.091851
 0.770778 0.000069 0.226164 0.002989
 0.086885 0.000069 0.908854 0.004192
 0.023458 0.967316 0.000069 0.009157
 0.601176 0.165144 0.060024 0.173655
 0.101514 0.035108 0.735278 0.128099
 0.008700 0.930794 0.037344 0.023162
 0.607551 0.234177 0.102289 0.055982
 0.050826 0.111567 0.747987 0.089620
 0.033739 0.911365 0.002125 0.052771

MOTIF 22-WTTTTAAAAW STREME-22
letter-probability matrix: alength= 4 w= 10 nsites= 846 P= 6.7e-005
 0.525104 0.000268 0.000268 0.474361
 0.000309 0.000268 0.000268 0.999156
 0.000309 0.000268 0.000268 0.999156
 0.000309 0.000268 0.000268 0.999156
 0.219452 0.063012 0.000268 0.717268
 0.717268 0.000268 0.063012 0.219452
 0.999156 0.000268 0.000268 0.000309
 0.999156 0.000268 0.000268 0.000309
 0.999156 0.000268 0.000268 0.000309
 0.474361 0.000268 0.000268 0.525104

MOTIF 23-AGTGGCACRATCWYR STREME-23
letter-probability matrix: alength= 4 w= 15 nsites= 97 P= 2.4e-004
 0.987869 0.011339 0.000368 0.000424
 0.022367 0.000368 0.965870 0.011395
 0.033339 0.022311 0.000368 0.943983
 0.000424 0.000368 0.998785 0.000424
 0.121111 0.000368 0.878097 0.000424
 0.000424 0.790324 0.000368 0.208884
 0.636779 0.055226 0.274657 0.033339
 0.011395 0.625750 0.077169 0.285686
 0.406375 0.132027 0.450202 0.011395
 0.998841 0.000368 0.000368 0.000424
 0.000424 0.000368 0.000368 0.998841
 0.000424 0.965870 0.011339 0.022367
 0.384431 0.000368 0.033282 0.581919
 0.000424 0.505061 0.011339 0.483176
 0.384430 0.033282 0.472147 0.110140

MOTIF 24-GAAACCAAG STREME-24
letter-probability matrix: alength= 4 w= 9 nsites= 3805 P= 2.9e-004
 0.000133 0.000115 0.999619 0.000133
 0.843194 0.000115 0.000115 0.156575
 0.750795 0.000115 0.176707 0.072383
 0.892362 0.000115 0.107390 0.000133
 0.000133 0.795323 0.204412 0.000133
 0.000133 0.740779 0.119479 0.139609
 0.781628 0.000115 0.218124 0.000133
 0.773686 0.226066 0.000115 0.000133
 0.202345 0.104776 0.593892 0.098987

MOTIF 25-CCCTTCCCC STREME-25
letter-probability matrix: alength= 4 w= 9 nsites= 1299 P= 3.4e-004
 0.016823 0.898805 0.011817 0.072555
 0.026586 0.908509 0.005622 0.059283
 0.011255 0.973696 0.000464 0.014585
 0.002996 0.150811 0.007133 0.839060
 0.012373 0.011842 0.116281 0.859505
 0.004027 0.877018 0.061035 0.057920
 0.002607 0.967343 0.022169 0.007880
 0.012117 0.981461 0.002150 0.004272
 0.021908 0.884778 0.013141 0.080173

MOTIF 26-RGAGASAGAGAGAGA STREME-26
letter-probability matrix: alength= 4 w= 15 nsites= 502 P= 6.1e-004
 0.438193 0.002286 0.553587 0.005934
 0.015656 0.000074 0.984184 0.000085
 0.626682 0.123941 0.111005 0.138372
 0.048773 0.004498 0.946644 0.000085
 0.863061 0.000074 0.130144 0.006721
 0.087923 0.295981 0.574960 0.041136
 0.770524 0.002286 0.227104 0.000085
 0.068519 0.118483 0.810701 0.002297
 0.828492 0.032375 0.127988 0.011145
 0.016486 0.044598 0.938831 0.000085
 0.608471 0.214252 0.077113 0.100163
 0.267728 0.000074 0.732113 0.000085
 0.800155 0.015557 0.175355 0.008933
 0.000085 0.002286 0.997543 0.000085
 0.975885 0.000074 0.023955 0.000085

MOTIF 27-CCTGTAATCCC STREME-27
letter-probability matrix: alength= 4 w= 11 nsites= 126 P= 9.7e-004
 0.000371 0.998935 0.000322 0.000371
 0.019599 0.979708 0.000322 0.000371
 0.000371 0.000322 0.000322 0.998984
 0.099136 0.000322 0.900170 0.000371
 0.000371 0.000322 0.000322 0.998984
 0.998984 0.000322 0.000322 0.000371
 0.729722 0.000322 0.269584 0.000371
 0.000371 0.000322 0.000322 0.998984
 0.000371 0.998935 0.000322 0.000371
 0.000371 0.970094 0.029164 0.000371
 0.000371 0.998935 0.000322 0.000371

MOTIF 28-ACTCCTGGGCTCAA STREME-28
letter-probability matrix: alength= 4 w= 14 nsites= 73 P= 9.7e-004
 0.726756 0.189610 0.059525 0.024108
 0.000457 0.998690 0.000396 0.000457
 0.035934 0.071350 0.000396 0.892320
 0.000457 0.840049 0.064432 0.095062
 0.024108 0.915910 0.000396 0.059586
 0.000457 0.000396 0.000396 0.998751
 0.024108 0.012222 0.927736 0.035934
 0.189677 0.000396 0.797644 0.012282
 0.083236 0.118659 0.757263 0.040842
 0.035934 0.939562 0.024047 0.000457
 0.000457 0.083176 0.000396 0.915971
 0.000457 0.998690 0.000396 0.000457
 0.998751 0.000396 0.000396 0.000457
 0.927797 0.000396 0.071350 0.000457

MOTIF 29-ACTACAAYTCCCAG STREME-29
letter-probability matrix: alength= 4 w= 14 nsites= 120 P= 1.9e-003
 0.981126 0.018227 0.000300 0.000346
 0.009310 0.990044 0.000300 0.000346
 0.000346 0.027191 0.000300 0.972162
 0.900453 0.098901 0.000300 0.000346
 0.000346 0.999007 0.000300 0.000346
 0.789170 0.039875 0.134754 0.036200
 0.649464 0.063045 0.000300 0.287190
 0.107910 0.439534 0.098901 0.353656
 0.018273 0.063045 0.000300 0.918381
 0.000346 0.963153 0.000300 0.036200
 0.000346 0.999007 0.000300 0.000346
 0.000346 0.999007 0.000300 0.000346
 0.792891 0.000300 0.206462 0.000346
 0.089982 0.063045 0.730100 0.116873

MOTIF 30-CTGTCCCCA STREME-30
letter-probability matrix: alength= 4 w= 9 nsites= 145 P= 2.1e-003
 0.024345 0.930200 0.021109 0.024345
 0.024345 0.021109 0.021109 0.933436
 0.024345 0.021109 0.930200 0.024345
 0.024345 0.021109 0.021109 0.933436
 0.024345 0.930200 0.021109 0.024345
 0.024345 0.930200 0.021109 0.024345
 0.024345 0.930200 0.021109 0.024345
 0.024345 0.930200 0.021109 0.024345
 0.933436 0.021109 0.021109 0.024345

MOTIF 31-AAAGAGGAAG STREME-31
letter-probability matrix: alength= 4 w= 10 nsites= 1381 P= 2.6e-003
 0.801464 0.000223 0.174866 0.023447
 0.820661 0.000223 0.149820 0.029295
 0.963169 0.000223 0.000223 0.036385
 0.000257 0.314086 0.660361 0.025296
 0.822959 0.104305 0.072478 0.000257
 0.000257 0.000223 0.904055 0.095465
 0.079519 0.000223 0.920001 0.000257
 0.984327 0.000223 0.000223 0.015226
 0.950527 0.022951 0.026265 0.000257
 0.090914 0.062721 0.846108 0.000257

MOTIF 32-CACCACCACCMACA STREME-32
letter-probability matrix: alength= 4 w= 14 nsites= 361 P= 3.8e-003
 0.066355 0.832490 0.034799 0.066355
 0.869581 0.092880 0.023492 0.014047
 0.019046 0.949187 0.006414 0.025354
 0.061356 0.851949 0.009568 0.077127
 0.961819 0.000106 0.000106 0.037970
 0.023509 0.846178 0.023492 0.106821
 0.061088 0.912143 0.000106 0.026663
 0.875210 0.041787 0.045570 0.037433
 0.064510 0.728944 0.072647 0.133898
 0.089206 0.853794 0.044262 0.012738
 0.317254 0.487508 0.037953 0.157285
 0.597841 0.259497 0.018761 0.123900
 0.066882 0.736570 0.147807 0.048740
 0.686579 0.179418 0.034799 0.099204

MOTIF 33-TTAAAAAAAAAAA STREME-33
letter-probability matrix: alength= 4 w= 13 nsites= 80 P= 3.9e-003
 0.024345 0.021109 0.021109 0.933436
 0.024345 0.021109 0.021109 0.933436
 0.933436 0.021109 0.021109 0.024345
 0.933436 0.021109 0.021109 0.024345
 0.933436 0.021109 0.021109 0.024345
 0.933436 0.021109 0.021109 0.024345
 0.933436 0.021109 0.021109 0.024345
 0.933436 0.021109 0.021109 0.024345
 0.933436 0.021109 0.021109 0.024345
 0.933436 0.021109 0.021109 0.024345
 0.933436 0.021109 0.021109 0.024345
 0.933436 0.021109 0.021109 0.024345
 0.933436 0.021109 0.021109 0.024345

MOTIF 34-GGAGGCYGAGGCRGGR STREME-34
letter-probability matrix: alength= 4 w= 16 nsites= 903 P= 4.1e-003
 0.165591 0.029730 0.774945 0.029735
 0.029156 0.006383 0.964423 0.000038
 0.797716 0.153876 0.009764 0.038644
 0.161389 0.013891 0.824682 0.000038
 0.098447 0.000033 0.882674 0.018846
 0.015968 0.853053 0.087964 0.043014
 0.104218 0.280823 0.179705 0.435254
 0.118245 0.045568 0.836149 0.000038
 0.697739 0.197263 0.066355 0.038644
 0.098279 0.001023 0.879872 0.020826
 0.139611 0.074685 0.785666 0.000038
 0.003008 0.669515 0.185475 0.142002
 0.474941 0.077655 0.345988 0.101417
 0.069330 0.089533 0.814372 0.026765
 0.212116 0.134658 0.611613 0.041613
 0.390222 0.187942 0.309119 0.112716

MOTIF 35-AACATTTATTGA STREME-35
letter-probability matrix: alength= 4 w= 12 nsites= 430 P= 5.0e-003
 0.945999 0.018329 0.035517 0.000155
 0.768477 0.048593 0.137075 0.045855
 0.000155 0.686042 0.000134 0.313669
 0.938488 0.000134 0.061223 0.000155
 0.000155 0.044035 0.012156 0.943655
 0.089666 0.026894 0.060900 0.822540
 0.008169 0.042922 0.000134 0.948774
 0.833658 0.000134 0.166053 0.000155
 0.047559 0.141505 0.045697 0.765238
 0.008169 0.068915 0.012156 0.910761
 0.113492 0.075933 0.731339 0.079235
 0.955839 0.006145 0.000134 0.037882

MOTIF 36-GAATGAATGAATGAAT STREME-36
letter-probability matrix: alength= 4 w= 16 nsites= 156 P= 5.8e-003
 0.095072 0.014827 0.846070 0.044031
 0.882565 0.007536 0.102326 0.007573
 0.984647 0.000244 0.000244 0.014865
 0.000282 0.014827 0.029411 0.955480
 0.146114 0.007536 0.816903 0.029448
 0.889857 0.014827 0.080451 0.014865
 0.948189 0.014827 0.029410 0.007573
 0.014865 0.029410 0.007536 0.948189
 0.197153 0.000244 0.773154 0.029448
 0.926314 0.007536 0.043994 0.022156
 0.853399 0.073160 0.073160 0.000282
 0.095072 0.175241 0.051285 0.678402
 0.204445 0.029410 0.700239 0.065906
 0.904439 0.014827 0.043993 0.036740
 0.773192 0.043993 0.124201 0.058614
 0.175280 0.102327 0.051285 0.671109

MOTIF 37-AWAATAAWWATAWWW STREME-37
letter-probability matrix: alength= 4 w= 15 nsites= 4252 P= 6.8e-003
 0.726777 0.000007 0.000007 0.273208
 0.537930 0.000007 0.000007 0.462056
 0.934080 0.000007 0.065904 0.000008
 0.571979 0.119491 0.087425 0.221106
 0.017935 0.094316 0.000007 0.887742
 0.818453 0.000007 0.116779 0.064760
 0.592622 0.092488 0.127605 0.187286
 0.503632 0.120443 0.000007 0.375918
 0.538277 0.116869 0.014191 0.330663
 0.773113 0.005609 0.166437 0.054841
 0.000008 0.294214 0.029037 0.676741
 0.644639 0.103101 0.106138 0.146123
 0.509217 0.109239 0.101447 0.280097
 0.491002 0.137438 0.040403 0.331156
 0.505678 0.075701 0.056005 0.362616

MOTIF 38-TACAACATGGATGAACCTTGA STREME-38
letter-probability matrix: alength= 4 w= 21 nsites= 87 P= 7.8e-003
 0.214378 0.071704 0.083589 0.630330
 0.808595 0.059820 0.131126 0.000459
 0.047997 0.856071 0.012282 0.083650
 0.939323 0.000398 0.036051 0.024228
 0.808595 0.000398 0.143010 0.047997
 0.024228 0.820418 0.000398 0.154956
 0.808595 0.012282 0.143010 0.036112
 0.000459 0.095473 0.036051 0.868017
 0.059881 0.012282 0.927378 0.000459
 0.131187 0.000398 0.844187 0.024228
 0.891786 0.036051 0.059820 0.012343
 0.000459 0.071704 0.059820 0.868017
 0.107418 0.012282 0.844187 0.036112
 0.879901 0.000398 0.071705 0.047997
 0.820479 0.012282 0.154895 0.012343
 0.107419 0.689690 0.071704 0.131187
 0.012343 0.808534 0.036051 0.143071
 0.000459 0.083589 0.024167 0.891786
 0.059881 0.154895 0.226201 0.559024
 0.309452 0.000398 0.677806 0.012343
 0.915554 0.000398 0.083589 0.000459

MOTIF 39-CCCAAAGTGCTGGG STREME-39
letter-probability matrix: alength= 4 w= 14 nsites= 67 P= 7.8e-003
 0.000622 0.949947 0.016629 0.032802
 0.000622 0.949947 0.048810 0.000622
 0.000622 0.869494 0.080990 0.048894
 0.917849 0.016629 0.064900 0.000622
 0.982210 0.000539 0.016629 0.000622
 0.982210 0.000539 0.016629 0.000622
 0.064984 0.016629 0.885585 0.032802
 0.000622 0.032719 0.000539 0.966120
 0.000622 0.064900 0.933856 0.000622
 0.016712 0.933856 0.000539 0.048893
 0.000622 0.032719 0.016629 0.950030
 0.064983 0.000539 0.933856 0.000622
 0.048892 0.000539 0.949947 0.000622
 0.081075 0.000539 0.869493 0.048893

MOTIF 40-ACTGGGTAATTTATAAAGAAA STREME-40
letter-probability matrix: alength= 4 w= 21 nsites= 63 P= 7.8e-003
 0.912191 0.000576 0.052171 0.035061
 0.017863 0.912103 0.000576 0.069458
 0.035061 0.034973 0.000576 0.929390
 0.086656 0.017774 0.860508 0.035061
 0.069458 0.000576 0.912103 0.017863
 0.069458 0.017774 0.877706 0.035061
 0.000664 0.086568 0.017774 0.894993
 0.963787 0.000576 0.034973 0.000664
 0.929390 0.017774 0.034973 0.017863
 0.035061 0.034973 0.000576 0.929390
 0.052260 0.017774 0.034973 0.894993
 0.017863 0.052171 0.017774 0.912191
 0.963787 0.017774 0.000576 0.017863
 0.069458 0.086568 0.000576 0.843398
 0.877795 0.000576 0.103766 0.017863
 0.912191 0.017774 0.052171 0.017863
 0.912191 0.000576 0.069370 0.017863
 0.155450 0.069370 0.757318 0.017863
 0.774604 0.034973 0.172560 0.017863
 0.843398 0.034973 0.103766 0.017863
 0.843398 0.034973 0.069370 0.052260

MOTIF 41-GGGAGGGAG STREME-41
letter-probability matrix: alength= 4 w= 9 nsites= 767 P= 8.3e-003
 0.000665 0.004332 0.994337 0.000665
 0.000665 0.045150 0.953519 0.000665
 0.032070 0.000577 0.964771 0.002583
 0.860879 0.081681 0.000577 0.056863
 0.044060 0.049113 0.767207 0.139620
 0.000665 0.010025 0.988644 0.000665
 0.138532 0.000577 0.777726 0.083165
 0.961563 0.013785 0.000577 0.024076
 0.000665 0.099330 0.883906 0.016099

MOTIF 42-CATTTTACAKAT STREME-42
letter-probability matrix: alength= 4 w= 12 nsites= 189 P= 9.5e-003
 0.000165 0.842634 0.057717 0.099484
 0.982469 0.000143 0.017223 0.000165
 0.000165 0.036075 0.000143 0.963617
 0.004245 0.049931 0.084851 0.860974
 0.008705 0.082513 0.065084 0.843699
 0.014795 0.028739 0.038670 0.917797
 0.804078 0.000143 0.195614 0.000165
 0.011600 0.824704 0.050025 0.113671
 0.980697 0.008683 0.010455 0.000165
 0.148572 0.043365 0.431392 0.376671
 0.843462 0.031253 0.000143 0.125142
 0.019213 0.086594 0.034113 0.860081

MOTIF 43-AACCACAG STREME-43
letter-probability matrix: alength= 4 w= 8 nsites= 1292 P= 9.9e-003
 0.992851 0.000547 0.000547 0.006054
 0.998274 0.000547 0.000547 0.000631
 0.000631 0.998190 0.000547 0.000631
 0.000631 0.873338 0.012786 0.113245
 0.911118 0.000547 0.087703 0.000631
 0.000631 0.995039 0.000547 0.003782
 0.926680 0.055798 0.016891 0.000631
 0.210761 0.000547 0.691564 0.097128

MOTIF 44-CAACATGGTGAAAC STREME-44
letter-probability matrix: alength= 4 w= 14 nsites= 167 P= 1.1e-002
 0.012649 0.869010 0.018822 0.099519
 0.968320 0.018822 0.012617 0.000240
 0.937296 0.018822 0.031232 0.012649
 0.018854 0.887624 0.006413 0.087109
 0.893863 0.068461 0.018822 0.018854
 0.018854 0.062257 0.118103 0.800785
 0.198800 0.056051 0.744909 0.000240
 0.012649 0.025027 0.962084 0.000240
 0.105723 0.111895 0.037437 0.744945
 0.136746 0.000208 0.794553 0.068493
 0.993140 0.000208 0.006413 0.000240
 0.682893 0.018822 0.279431 0.018854
 0.962116 0.000208 0.037437 0.000240
 0.000240 0.974493 0.000208 0.025059

MOTIF 45-WGTGCCWGGCACW STREME-45
letter-probability matrix: alength= 4 w= 13 nsites= 322 P= 1.3e-002
 0.373273 0.103984 0.096149 0.426594
 0.116105 0.046239 0.827479 0.010177
 0.066639 0.011883 0.019718 0.901759
 0.050743 0.018754 0.885636 0.044867
 0.000151 0.961162 0.020095 0.018592
 0.007355 0.752379 0.000131 0.240134
 0.497097 0.002903 0.002903 0.497097
 0.240134 0.000131 0.752379 0.007355
 0.018592 0.020095 0.961162 0.000151
 0.044867 0.885636 0.018754 0.050743
 0.901759 0.019718 0.011883 0.066639
 0.010177 0.827479 0.046239 0.116105
 0.426594 0.096149 0.103984 0.373273

MOTIF 46-CCTCCTCCTCCTCCYCC STREME-46
letter-probability matrix: alength= 4 w= 17 nsites= 1017 P= 1.4e-002
 0.051427 0.788407 0.078104 0.082062
 0.079098 0.868454 0.002010 0.050439
 0.146708 0.076538 0.090951 0.685803
 0.026721 0.746490 0.102810 0.123979
 0.031662 0.913913 0.015845 0.038580
 0.087414 0.153211 0.036598 0.722778
 0.037591 0.774571 0.111704 0.076133
 0.090956 0.847701 0.009916 0.051427
 0.146298 0.107584 0.095893 0.650226
 0.073168 0.680278 0.132868 0.113686
 0.035615 0.835432 0.047879 0.081074
 0.178332 0.142992 0.067234 0.611442
 0.043521 0.741139 0.123973 0.091367
 0.070203 0.760326 0.054386 0.115084
 0.098862 0.281028 0.058339 0.561770
 0.070203 0.636126 0.121587 0.172084
 0.064274 0.813691 0.052410 0.069625

MOTIF 47-CCAAGGTCACAC STREME-47
letter-probability matrix: alength= 4 w= 12 nsites= 162 P= 1.5e-002
 0.000265 0.793173 0.013968 0.192594
 0.000265 0.930551 0.013968 0.055216
 0.941474 0.000230 0.048311 0.009985
 0.999274 0.000230 0.000230 0.000265
 0.118015 0.092374 0.789345 0.000265
 0.000265 0.000230 0.999239 0.000265
 0.000265 0.000230 0.000230 0.999274
 0.000265 0.896207 0.048312 0.055216
 0.937455 0.013968 0.048312 0.000265
 0.014003 0.856161 0.013968 0.115868
 0.685822 0.151347 0.151984 0.010847
 0.020872 0.661683 0.103267 0.214179

MOTIF 48-CCCAGCTACTCRGG STREME-48
letter-probability matrix: alength= 4 w= 14 nsites= 82 P= 1.6e-002
 0.060145 0.849425 0.015391 0.075038
 0.000575 0.908995 0.000499 0.089931
 0.000575 0.953674 0.015391 0.030360
 0.983535 0.000499 0.015391 0.000575
 0.000575 0.015391 0.938781 0.045252
 0.000575 0.968566 0.000499 0.030360
 0.000575 0.000499 0.000499 0.998427
 0.953750 0.030284 0.015391 0.000575
 0.000575 0.998350 0.000499 0.000575
 0.000575 0.030283 0.000499 0.968642
 0.000575 0.998350 0.000499 0.000575
 0.551619 0.030284 0.402630 0.015468
 0.060145 0.030283 0.908996 0.000575
 0.015468 0.015391 0.953674 0.015468

MOTIF 49-AACAACAACAACAAA STREME-49
letter-probability matrix: alength= 4 w= 15 nsites= 83 P= 1.6e-002
 0.916999 0.082020 0.000455 0.000525
 0.849030 0.000455 0.054832 0.095683
 0.014119 0.944118 0.000455 0.041307
 0.944188 0.027643 0.027643 0.000525
 0.930594 0.000455 0.054832 0.014119
 0.014119 0.957712 0.014049 0.014119
 0.849028 0.014049 0.082022 0.054901
 0.897764 0.000455 0.087661 0.014119
 0.000525 0.971306 0.000455 0.027713
 0.889812 0.027644 0.054831 0.027713
 0.957782 0.000455 0.041238 0.000525
 0.218035 0.753797 0.027643 0.000525
 0.903405 0.054832 0.000455 0.041308
 0.944188 0.000455 0.014049 0.041307
 0.821837 0.122807 0.000455 0.054901

MOTIF 50-ACCTACTATGTGCCAGG STREME-50
letter-probability matrix: alength= 4 w= 17 nsites= 89 P= 1.6e-002
 0.708563 0.000389 0.232557 0.058491
 0.000448 0.882630 0.011997 0.104924
 0.000448 0.708503 0.000389 0.290659
 0.000448 0.046823 0.000389 0.952340
 0.801430 0.000389 0.197732 0.000448
 0.000448 0.894238 0.000389 0.104924
 0.000448 0.128082 0.000389 0.871081
 0.696955 0.058431 0.197732 0.046882
 0.000448 0.058431 0.046823 0.894298
 0.186183 0.011997 0.801371 0.000448
 0.035274 0.046823 0.081648 0.836256
 0.151358 0.000389 0.812979 0.035274
 0.023665 0.847805 0.011997 0.116533
 0.000448 0.801371 0.011997 0.186183
 0.859473 0.000389 0.116473 0.023665
 0.000448 0.000389 0.998714 0.000448
 0.255834 0.139690 0.569202 0.035274

MOTIF 51-ATTTTTAGTAGAG STREME-51
letter-probability matrix: alength= 4 w= 13 nsites= 47 P= 1.6e-002
 0.997986 0.000639 0.000639 0.000737
 0.008649 0.038769 0.038770 0.913811
 0.038867 0.019704 0.000639 0.940790
 0.019802 0.019704 0.019704 0.940790
 0.000737 0.019704 0.000639 0.978921
 0.019802 0.032632 0.000639 0.946927
 0.851599 0.076901 0.038770 0.032730
 0.057934 0.000639 0.940690 0.000737
 0.032730 0.057836 0.008551 0.900882
 0.978921 0.000639 0.019704 0.000737
 0.008649 0.019704 0.970910 0.000737
 0.932877 0.019704 0.038770 0.008649
 0.057934 0.057835 0.864428 0.019802

MOTIF 52-AAACCATCAGATCTC STREME-52
letter-probability matrix: alength= 4 w= 15 nsites= 63 P= 1.6e-002
 0.945654 0.000586 0.053084 0.000676
 0.840659 0.105581 0.000586 0.053174
 0.823159 0.088083 0.088082 0.000676
 0.053174 0.840569 0.018085 0.088172
 0.193170 0.788069 0.018085 0.000676
 0.963153 0.000586 0.035585 0.000676
 0.000676 0.105584 0.018085 0.875654
 0.035674 0.963063 0.000586 0.000676
 0.980652 0.000586 0.018085 0.000676
 0.035674 0.070583 0.893067 0.000676
 0.735663 0.105581 0.000586 0.158169
 0.018175 0.035585 0.000586 0.945654
 0.000676 0.998062 0.000586 0.000676
 0.053174 0.018085 0.000586 0.928155
 0.088172 0.683076 0.000586 0.228166

MOTIF 53-GACYCYGTCTCAA STREME-53
letter-probability matrix: alength= 4 w= 13 nsites= 263 P= 1.8e-002
 0.131872 0.000120 0.867870 0.000139
 0.998133 0.000120 0.000120 0.001627
 0.000139 0.940725 0.000120 0.059016
 0.028832 0.431892 0.035987 0.503289
 0.019561 0.789204 0.007294 0.183942
 0.000139 0.339651 0.039574 0.620637
 0.241335 0.019543 0.692966 0.046156
 0.023148 0.082005 0.003707 0.891140
 0.003725 0.900938 0.021641 0.073696
 0.007312 0.010880 0.010880 0.970927
 0.026734 0.910462 0.000120 0.062683
 0.594449 0.081185 0.043852 0.280513
 0.853333 0.086043 0.044650 0.015974

MOTIF 54-CCACYAGRKGGCGC STREME-54
letter-probability matrix: alength= 4 w= 14 nsites= 147 P= 1.9e-002
 0.007684 0.910403 0.081627 0.000286
 0.000286 0.999181 0.000248 0.000286
 0.877779 0.000248 0.092095 0.029878
 0.000286 0.728350 0.241486 0.029878
 0.037276 0.459108 0.096423 0.407192
 0.977024 0.000248 0.022442 0.000286
 0.000286 0.000248 0.999181 0.000286
 0.524311 0.000248 0.475156 0.000286
 0.007684 0.000248 0.658866 0.333202
 0.000286 0.000248 0.999181 0.000286
 0.007684 0.000248 0.991782 0.000286
 0.000286 0.999181 0.000248 0.000286
 0.198779 0.000248 0.667510 0.133463
 0.015082 0.866013 0.103822 0.015082

MOTIF 55-ATTCAYAATAGCCAA STREME-55
letter-probability matrix: alength= 4 w= 15 nsites= 74 P= 1.9e-002
 0.928877 0.000527 0.069989 0.000608
 0.047806 0.047726 0.000527 0.903940
 0.000608 0.016260 0.000527 0.982605
 0.000608 0.928796 0.016260 0.054336
 0.903941 0.000527 0.063458 0.032074
 0.032074 0.557732 0.000527 0.409668
 0.935407 0.047726 0.000527 0.016341
 0.935407 0.016260 0.047726 0.000608
 0.000608 0.016260 0.000527 0.982605
 0.919674 0.000527 0.000527 0.079272
 0.142204 0.000527 0.809462 0.047806
 0.032074 0.888127 0.000527 0.079272
 0.211670 0.724264 0.000527 0.063540
 0.919674 0.000527 0.000527 0.079272
 0.888208 0.031993 0.079191 0.000608

MOTIF 56-CTGGGCTCAA STREME-56
letter-probability matrix: alength= 4 w= 10 nsites= 88 P= 1.9e-002
 0.024345 0.930200 0.021109 0.024345
 0.024345 0.021109 0.021109 0.933436
 0.024345 0.021109 0.930200 0.024345
 0.024345 0.021109 0.930200 0.024345
 0.024345 0.021109 0.930200 0.024345
 0.024345 0.930200 0.021109 0.024345
 0.024345 0.021109 0.021109 0.933436
 0.024345 0.930200 0.021109 0.024345
 0.933436 0.021109 0.021109 0.024345
 0.933436 0.021109 0.021109 0.024345

MOTIF 57-AACAGAAAC STREME-57
letter-probability matrix: alength= 4 w= 9 nsites= 166 P= 2.1e-002
 0.933436 0.021109 0.021109 0.024345
 0.933436 0.021109 0.021109 0.024345
 0.024345 0.930200 0.021109 0.024345
 0.933436 0.021109 0.021109 0.024345
 0.024345 0.021109 0.930200 0.024345
 0.933436 0.021109 0.021109 0.024345
 0.933436 0.021109 0.021109 0.024345
 0.933436 0.021109 0.021109 0.024345
 0.024345 0.930200 0.021109 0.024345

MOTIF 58-CATTTCTA STREME-58
letter-probability matrix: alength= 4 w= 8 nsites= 442 P= 2.2e-002
 0.001581 0.995467 0.001371 0.001581
 0.995677 0.001371 0.001371 0.001581
 0.001581 0.001371 0.001371 0.995677
 0.001581 0.001371 0.001371 0.995677
 0.001581 0.001371 0.001371 0.995677
 0.001581 0.995467 0.001371 0.001581
 0.001581 0.001371 0.135936 0.861112
 0.995677 0.001371 0.001371 0.001581

MOTIF 59-CCAGGCTGGAGTRCAGTG STREME-59
letter-probability matrix: alength= 4 w= 18 nsites= 81 P= 3.1e-002
 0.015702 0.968089 0.000506 0.015702
 0.015702 0.877379 0.060980 0.045939
 0.937930 0.000506 0.015625 0.045939
 0.030821 0.015625 0.937852 0.015702
 0.015702 0.076098 0.892497 0.015702
 0.000584 0.892497 0.045861 0.061057
 0.000584 0.000506 0.030743 0.968166
 0.045939 0.030743 0.922734 0.000584
 0.000584 0.091216 0.892497 0.015702
 0.953048 0.015625 0.015625 0.015702
 0.151768 0.015625 0.816905 0.015702
 0.030821 0.045861 0.030743 0.892575
 0.333190 0.030743 0.605247 0.030821
 0.061058 0.922733 0.000506 0.015702
 0.953048 0.015625 0.015625 0.015702
 0.151768 0.045861 0.786669 0.015702
 0.000584 0.091216 0.015625 0.892575
 0.121533 0.030743 0.816903 0.030821

MOTIF 60-CCCAAATGTCCAT STREME-60
letter-probability matrix: alength= 4 w= 13 nsites= 47 P= 3.1e-002
 0.001063 0.996952 0.000922 0.001063
 0.001063 0.941913 0.000922 0.056102
 0.028582 0.859355 0.000922 0.111141
 0.969574 0.000922 0.000922 0.028582
 0.969574 0.000922 0.028441 0.001063
 0.942054 0.000922 0.055961 0.001063
 0.001063 0.000922 0.000922 0.997093
 0.111142 0.000922 0.886873 0.001063
 0.001063 0.171344 0.028441 0.799152
 0.028582 0.941913 0.000922 0.028582
 0.056102 0.941913 0.000922 0.001063
 0.997093 0.000922 0.000922 0.001063
 0.028582 0.055961 0.028441 0.887016

MOTIF 61-AGGAGTTCAAG STREME-61
letter-probability matrix: alength= 4 w= 11 nsites= 29 P= 3.1e-002
 0.933436 0.021109 0.021109 0.024345
 0.024345 0.021109 0.930200 0.024345
 0.024345 0.021109 0.930200 0.024345
 0.933436 0.021109 0.021109 0.024345
 0.024345 0.021109 0.930200 0.024345
 0.024345 0.021109 0.021109 0.933436
 0.024345 0.021109 0.021109 0.933436
 0.024345 0.930200 0.021109 0.024345
 0.933436 0.021109 0.021109 0.024345
 0.933436 0.021109 0.021109 0.024345
 0.024345 0.021109 0.930200 0.024345

MOTIF 62-AGAAGCAG STREME-62
letter-probability matrix: alength= 4 w= 8 nsites= 524 P= 3.2e-002
 0.933436 0.021109 0.021109 0.024345
 0.024345 0.021109 0.930200 0.024345
 0.933436 0.021109 0.021109 0.024345
 0.933436 0.021109 0.021109 0.024345
 0.024345 0.021109 0.930200 0.024345
 0.024345 0.930200 0.021109 0.024345
 0.933436 0.021109 0.021109 0.024345
 0.024345 0.021109 0.930200 0.024345

MOTIF 63-CAAGATGGCGGC STREME-63
letter-probability matrix: alength= 4 w= 12 nsites= 106 P= 3.5e-002
 0.118995 0.666467 0.117107 0.097432
 0.977303 0.011140 0.011140 0.000416
 0.988082 0.011140 0.000361 0.000416
 0.140551 0.108156 0.750877 0.000416
 0.988082 0.000361 0.011140 0.000416
 0.021975 0.011140 0.000361 0.966523
 0.011196 0.021920 0.966468 0.000416
 0.000416 0.000361 0.998806 0.000416
 0.000416 0.977247 0.000361 0.021975
 0.032755 0.011140 0.925606 0.030499
 0.129773 0.151276 0.696976 0.021976
 0.000416 0.977247 0.011140 0.011196

MOTIF 64-AAAGACAAATA STREME-64
letter-probability matrix: alength= 4 w= 11 nsites= 51 P= 3.5e-002
 0.764429 0.000939 0.000939 0.233694
 0.969017 0.000939 0.000939 0.029105
 0.912970 0.085009 0.000939 0.001083
 0.001083 0.000939 0.996896 0.001083
 0.997040 0.000939 0.000939 0.001083
 0.001083 0.996896 0.000939 0.001083
 0.940995 0.000939 0.028961 0.029105
 0.997040 0.000939 0.000939 0.001083
 0.969017 0.028961 0.000939 0.001083
 0.001083 0.000939 0.000939 0.997040
 0.997040 0.000939 0.000939 0.001083

MOTIF 65-CCCAGCCCCA STREME-65
letter-probability matrix: alength= 4 w= 10 nsites= 142 P= 3.9e-002
 0.000811 0.997674 0.000704 0.000811
 0.000811 0.982865 0.015513 0.000811
 0.000811 0.773159 0.080547 0.145482
 0.957164 0.000704 0.041321 0.000811
 0.057558 0.000704 0.940927 0.000811
 0.000811 0.997674 0.000704 0.000811
 0.000811 0.951932 0.046445 0.000811
 0.000811 0.963506 0.034871 0.000811
 0.000811 0.961556 0.036821 0.000811
 0.810007 0.000704 0.188478 0.000811

MOTIF 66-AARTGACT STREME-66
letter-probability matrix: alength= 4 w= 8 nsites= 5880 P= 3.9e-002
 0.849588 0.100762 0.011822 0.037829
 0.665557 0.062492 0.224143 0.047808
 0.624640 0.000172 0.374989 0.000199
 0.000199 0.000172 0.000172 0.999457
 0.081044 0.000172 0.918585 0.000199
 0.877101 0.000172 0.000172 0.122554
 0.000199 0.976080 0.000172 0.023549
 0.078125 0.067538 0.105652 0.748685

MOTIF 67-GGTTGCAGTGA STREME-67
letter-probability matrix: alength= 4 w= 11 nsites= 155 P= 4.6e-002
 0.074710 0.000296 0.887600 0.037394
 0.028555 0.073647 0.897457 0.000341
 0.017818 0.212847 0.000296 0.769039
 0.000341 0.021637 0.033667 0.944355
 0.016918 0.000296 0.954677 0.028109
 0.000341 0.942331 0.000296 0.057032
 0.888952 0.092737 0.017969 0.000341
 0.009178 0.000296 0.981348 0.009178
 0.018015 0.017969 0.000296 0.963720
 0.058140 0.000296 0.936446 0.005118
 0.980138 0.000296 0.019225 0.000341

MOTIF 68-TGACSTCA STREME-68
letter-probability matrix: alength= 4 w= 8 nsites= 743 P= 5.7e-002
 0.000686 0.000595 0.000595 0.998125
 0.000686 0.000595 0.998034 0.000686
 0.998125 0.000595 0.000595 0.000686
 0.000686 0.998034 0.000595 0.000686
 0.000686 0.607897 0.390731 0.000686
 0.283371 0.000595 0.000595 0.715440
 0.000686 0.998034 0.000595 0.000686
 0.930263 0.000595 0.068456 0.000686

MOTIF 69-ATTCTCCTGCCTC STREME-69
letter-probability matrix: alength= 4 w= 13 nsites= 53 P= 6.2e-002
 0.974491 0.000773 0.023844 0.000891
 0.000891 0.000773 0.023844 0.974491
 0.023963 0.074436 0.000773 0.900828
 0.000891 0.997444 0.000773 0.000891
 0.000891 0.000773 0.000773 0.997563
 0.000891 0.997444 0.000773 0.000891
 0.000891 0.974373 0.000773 0.023963
 0.047035 0.046917 0.023844 0.882204
 0.000891 0.000773 0.997444 0.000891
 0.070108 0.835938 0.000773 0.093182
 0.000891 0.997444 0.000773 0.000891
 0.000891 0.000773 0.000773 0.997563
 0.023963 0.928229 0.000773 0.047035

MOTIF 70-GCGCATGCGC STREME-70
letter-probability matrix: alength= 4 w= 10 nsites= 128 P= 9.0e-002
 0.056600 0.000322 0.942707 0.000372
 0.000372 0.998935 0.000322 0.000372
 0.000372 0.000322 0.998935 0.000372
 0.000372 0.951478 0.047779 0.000372
 0.645996 0.207639 0.114313 0.032052
 0.032052 0.114313 0.207639 0.645996
 0.000372 0.047779 0.951478 0.000372
 0.000372 0.998935 0.000322 0.000372
 0.000372 0.000322 0.998935 0.000372
 0.000372 0.942707 0.000322 0.056600

********************************************************************************
Stopped because 3 consecutive motifs exceeded the p-value threshold (0.05).
********************************************************************************
COMMAND:	streme --p WT.201bp.fa --oc WT.201bp --maxw 21
********************************************************************************
CPU:		GPURTX
********************************************************************************
FINALTIME:	14294.00 seconds
********************************************************************************
