loss
0.7124873995780945
0.6927487741817128
0.6798828623511575
0.6727004538882863
0.6641152230176058
0.6582003154537894
0.6532124768603932
0.644635633988814
0.6358020197261464
0.6291534521362998
0.6225194714286111
0.6118943582881581
0.6031767265363173
0.5932340256192468
0.5870445736429908
0.5741660432382063
0.564222816716541
0.5555262186310508
0.547981006177989
0.5360272499648008
0.526856701482426
0.5226076353680004
0.51453567228534
0.5040542713620446
0.49083440005779266
0.4848660894415595
0.4760738096453927
0.47046077115969226
0.4677721465175802
0.4581564678387208
0.44642721793868323
0.4432049353014339
0.4370298453352668
0.4294519383798946
0.42123655703934754
0.4110637496818196
0.40445874563672324
0.40747372670607135
0.3968956064094197
0.39197044751860877
0.38833370398391376
0.37293489277362823
0.3743440712040121
0.36511190642010083
0.36344259503212845
0.3577442480759187
0.3542134314775467
0.3443587503649972
0.33897199955853546
0.33448020165616815
0.32859471101652493
0.33008762245828455
0.32646479389884253
0.31661261956800113
0.31912296400828793
0.3061393993822011
0.30985796925696457
0.30449794368310407
0.29846074364402075
0.29099905626340344
0.2893038784915751
0.2923844653097066
0.27737651291218673
0.27150738510218536
0.2730597040869973
0.26751385019584134
0.26333366334438324
0.2625215324488553
0.2532378021966327
0.26333254643461923
0.2516583082350818
0.2509583620862527
0.25152914835648105
0.24245696853507648
0.23828491229902615
