loss
0.7038059234619141
0.690149521525902
0.6852593044691448
0.6799803564820108
0.6712604617770714
0.6596091932888273
0.6456963412369354
0.632445254657842
0.6175044812733614
0.6035374214377585
0.5914565377597567
0.5776151237608511
0.5636021238339098
0.5515858334831044
0.5406339504296267
0.5288467871237404
0.517081265585332
0.5048802513864976
0.49781018231488483
0.4876931898201568
0.47886733012863353
0.4654556324210348
0.45853655398646487
0.44960574522803104
0.4427309636073776
0.4378962607323369
0.43059570464906816
0.4218951742860335
0.4152667910992345
0.40813708305358887
0.40156024166300325
0.3952869972850703
0.38984146186068086
0.3865453831002682
0.3798104581199115
0.3767198803304117
0.37142022991482215
0.3635865766790849
0.3583783152737195
