loss
0.7008244842290878
0.682844763216765
0.671990700390028
0.6630673667658931
0.6514045596122742
0.6357254800589188
0.6182887605998827
0.6021476413892664
0.5833005464595297
0.5648097136746282
0.5489517735398334
0.5328859544318655
0.5134043265943942
0.49743543241335
0.4852563544459965
0.47183325109274493
0.4580634832382202
0.4464760850305143
0.43301568990168365
0.4197250824907552
0.40826924857885943
0.39367577822312066
0.3848264333994492
0.37307689371316327
0.3641830864159957
0.35955888421639154
0.3461782362150109
0.34059745721195056
0.32782719057539234
0.3215871634690658
0.31030864819236426
0.3084623852501745
0.3035009490407031
0.29143190254335816
0.2847276848295461
0.2848810436932937
0.27033848671809485
0.2689061702593513
0.261191061657408
0.2559123149384623
0.2501265251118204
0.242114153245221
0.2352133730183477
0.23405741608661154
0.2251427296711051
0.2235355759444444
0.22112901832746423
0.21170040381991345
0.21028101897757986
0.2052282645650532
0.20093383478081744
0.19423780298751334
0.1923496716696283
0.18644837452017743
0.18483019976512247
0.17709609801354614
0.17337254532005475
0.1709529900032541
0.1709116833365482
0.165388699458993
0.16180040654928787
0.15956765542859616
0.15263231163439545
0.15173921896063763
0.14573911998582922
0.14759249790855075
0.14334082020365674
0.14042084016229794
0.1397759111031242
