loss
0.42064364296714446
0.022453073366545142
0.01913690623268485
0.017345061648637056
0.016213361114263535
0.015403343168552965
0.014561082258354872
0.013884417696855961
0.013230468311347067
0.012776929907035082
0.012356824366375804
0.011983727192971855
0.011861282496713102
0.011438391622621566
0.01138306325720623
0.011152034166734666
0.011002135207410902
0.010822544397320598
0.01057808821182698
0.010663507984951139
0.010324448322877287
0.010387361854780465
0.010220495420973748
0.010227384675759822
0.010254199428018182
0.010028889993205666
0.01022937120636925
0.010001788295805454
0.010094938356429339
0.00998264616681263
0.009929212735034526
0.010076171373948456
0.009829747974872589
0.00993715609703213
0.009922672748100013
0.009878053633961827
0.009837155543733388
0.009719653427600861
0.009909288241062313
0.009682762402109801
0.009813507319428027
0.009706863186787814
0.009749887314159423
0.009787311280844733
0.00960080058593303
0.009781526364851743
0.00962241371255368
0.009677313623484224
