loss
0.006834307219833136
0.00513310514275799
0.004788393225122446
0.004572853744992929
0.004368495442257678
0.004203973336537804
0.004107028464606618
0.004003369920514377
0.003928829288538677
0.003828104324462429
0.003743818826935215
0.0036807089825157124
0.00362715881673256
0.003606774243592316
0.0035699268485270236
0.003538164395791932
0.0035135127805598263
0.003498132012497072
0.0034728985181116537
0.00345251046758051
0.003447041755480414
0.0034165816082403757
0.0034053092525651546
0.0033877738228658746
0.003379754181480845
0.00337134285141944
0.0033529724926859047
0.003336459655173552
0.0033335478400448432
