loss
0.2963443398475647
0.27327047440491886
0.26967142106386255
0.2669181473561571
0.26460432459659
0.2625415578824342
0.26060521299321504
0.2582142429703192
0.2568892874851454
0.2562274909200701
0.2541684417456791
0.25320772320736906
0.25225473322427355
0.25017272546753155
0.24977980822803
0.24851915592889864
0.24806473743556454
0.24659766134101194
0.24572555466160714
0.24500309686629554
0.24389860984399445
0.2430916380447646
0.24324960346115534
0.24204686090249466
0.24157712713664248
0.24037994205456664
0.24031522664291835
0.2394403539249791
0.23828124442674756
0.23808505273684188
0.23793420085456926
0.2367336323447022
0.23614410902499347
0.23549333040241724
