loss
0.585972488134891
0.49582505151629447
0.47924716663360595
0.4734029565155506
0.46705255579948424
0.46432485243678095
0.4590439192354679
0.4572843374311924
0.45270320135354997
0.45040981471538544
0.44875216695666315
0.44675268334150314
0.4445766760110855
0.44222032016515733
0.4426140062212944
0.43986281019449236
0.4401857180595398
0.4365042410492897
0.4372293346822262
0.4343551575541496
0.43572602248191833
0.4322537266165018
0.43252193945646283
0.4307269431054592
0.4313847070485353
0.4273188515603542
0.42971894004940986
0.42474579614400865
0.4267301305383444
0.4255599417388439
0.4244288798868656
0.4236277574598789
0.4232631181776524
0.42189292496442793
0.421240884244442
0.41962914672493934
0.4193071282655001
0.42008355996012686
0.4185074117928743
0.41608945578336715
0.41734444931149484
0.4160079316496849
0.41513532266020775
0.4148615513443947
0.41388559764623645
0.4143357398957014
0.4120223704725504
0.4114146267771721
0.40996261781454085
0.4124037134796381
0.4110031781196594
0.40933884747326377
0.41049802592396734
0.4094607615172863
0.40760113637149337
0.407967252612114
0.40670862014591697
0.4072399757653475
0.4053897162526846
0.4067008553892374
0.4052920644432306
0.4059962511062622
0.40373464925587177
0.40270897223055363
0.40275570075213907
0.4034974720031023
0.40331564293801786
