loss
0.6829504903791279
0.6183263715477278
0.568801404654851
0.5468439980536763
0.5322758589527262
0.5223615062030809
0.5139997367853737
0.504920482635498
0.4982237640776336
0.48918227597137764
0.4816258616632828
0.4763650213153007
0.46951078068360397
0.46354444276694345
0.45746438292138775
0.45525897501869284
0.4497593143073838
0.4440908379225185
0.44195125446721234
0.4364605983055436
0.4336923822342191
0.4306715736507597
0.4266943613602327
0.42124751821707446
0.41882346702445916
0.41618593313910274
