loss
0.6968938764788564
0.6378862455487251
0.5857547323405743
0.5532138675451279
0.5228231471031904
0.5107981330156326
0.5015960053354501
0.4966778452694416
0.4901671914756298
0.48355008773505687
0.4767152356356382
0.47120608009397985
0.46464585199952124
0.45799991525709627
0.4512078022956848
0.44559689208865166
0.4378556790947914
0.4326089181751013
0.4262703010439873
0.41887825649231675
0.4154128028452396
0.4104304613173008
0.4049162120372057
0.4015393613278866
0.39538763791322706
0.39264077626168725
