loss
0.7014155473027911
0.6873140610181369
0.6734802539532001
0.6669754706896268
0.6564955894763653
0.6503023092563336
0.6446862954359788
0.6335839124826285
0.622541945714217
0.6145267486572266
0.599597692489624
0.5910653517796443
0.5822966328034034
0.571158413703625
0.5619875605289752
0.5519262093764085
0.5402083442761347
0.5248758517778837
0.5217259251154386
0.5063733229270349
0.49780429555819583
0.4930211649491237
0.48037596620046175
0.46719483916576093
0.46136796245208156
0.44929254284271825
0.4399078671748822
0.43144079125844514
0.42215096721282375
0.4151001251660861
0.41133158252789426
0.4009941862179683
0.3927840017355405
0.3813884441669171
0.378206913287823
0.37421733370194066
0.3704956609469194
0.3582694140764383
0.35350561141967773
0.34933889370698196
0.34467171476437497
0.3346230754485497
0.33267404712163484
0.32116279235252965
0.3153244944719168
0.31206821019832903
0.30339282521834743
0.3011564749937791
0.29634212989073533
0.2912277074960562
0.29349478620749253
0.2861994573703179
0.27759521970382106
0.26692448212550235
0.2713806124833914
0.26432779087470126
0.2615406673688155
0.2540196959788983
0.25112029910087585
0.24863101312747368
0.2509339807125238
0.24455441076021928
0.23735177860810205
0.23552100818890792
0.23127278227072495
0.22730226127000955
0.22621755301952362
0.22352737876085135
0.22264159069611475
0.2169010226543133
0.21473191105402434
0.20782652153418615
0.20450226733317742
0.20336840588312882
0.20034231360142046
0.19458126219419333
0.2003653313104923
0.19205730351117942
0.1887828421134215
0.1833572009435067
0.18466298855268037
0.1795042214485315
0.17900905586205995
0.17949925706936762
0.1762722352376351
0.17619064106391027
0.17471023591665122
0.17104406769459063
0.16779352724552155
0.16592972324444696
0.16042484801549178
0.1613888408129032
0.15623517334461212
