loss
0.6959385551371664
0.6883430412837437
0.6809718268258231
0.66896177927653
0.6505887298356919
0.6274849783806574
0.590574334348951
0.5614078487668719
0.5385995268821716
0.5202024533635095
0.5037584477946871
0.4855704605579376
0.47115141720998854
0.4580198268095652
0.4464976214227222
0.42935746681122555
0.42234737333797273
0.4104031531583695
0.40029197250093734
0.3864572896843865
0.3769805783317203
0.36936430136362713
0.35850651264190675
0.349458555664335
0.34302136372952235
0.33593102466492425
0.33013087851660594
0.32278986175855
0.31284095957165675
