loss
0.6853370478781092
0.6279472522769595
0.5916189499292357
0.5735295718260203
0.5636850337824932
0.5551546659061616
0.5461433325328079
0.5383446213395838
0.5290223422216221
0.5211976050480589
0.5138312136744433
0.5075837041711212
0.5010014611981982
0.4946365539190391
0.49118578704920685
0.4848446865664021
0.4806455810439778
0.47723409974426295
0.4737508013817928
0.46776132277626403
0.4650032107524056
0.46126749139418577
0.4605472435288251
0.45601858514727966
0.4527937677454821
0.4491780995791396
