loss
0.7020530407663158
0.6519296888548595
0.6167562287300825
0.5989499480391924
0.579388842989619
0.5619896133788503
0.5507696601920403
0.5424723620884694
0.5335553613706276
0.5248155616080532
0.5174409030005336
0.5093820204671758
0.5010489247596035
0.49358889045050514
0.48589124344289303
0.48010990410470045
0.47358391168885505
0.4685720345005393
0.46139009225253874
0.45814468468037933
0.4516025251494004
0.44681444570708734
0.4424431313975499
0.4367203342441756
0.43388300894114834
0.42979640879023534
0.4262738819950475
