loss
0.6879037630868504
0.6497602887439878
0.6321146161447015
0.6225034974950938
0.6153863003421546
0.6100722337597732
0.6046940147829658
0.6008588553039949
0.5976206371192871
0.5944856062978742
0.5907313788859954
0.5890288174999834
0.5856295877487927
0.5833002446810781
0.5813308556639187
0.5790684475294222
0.5765499700961332
0.5745665500702639
0.5737914273759577
0.5712718100626887
0.5693809314032113
0.5672885101835875
0.5661378354069557
0.5645125747480287
0.5637547105409523
0.5611480412089618
0.5601235694747777
0.5598505046130356
