loss
0.6977970485735421
0.6740031315355884
0.6442606935695726
0.6196745214413624
0.5998751667081094
0.5831399030831396
0.5687399293695178
0.5602079900551815
0.5462700837120718
0.5382738271538092
0.5290696316835831
0.5176624585779346
0.5093212617295129
0.500914424049611
0.4947141071363371
0.48764950523571093
0.4756747593685072
0.46891577055259626
0.4579263165289042
0.45362591013616443
0.4427803839956011
0.4331573147554787
0.4219322478284641
0.4217383739899616
0.41192724145188625
0.4011074307621742
0.3938444293275171
0.3858782728107608
0.37041159582381344
0.3730507800165488
0.3673928036373489
0.36329576738026675
0.3526543616032114
0.3532435112461752
