loss
0.2912704348564148
0.2908803044969278
0.28775492674352765
0.28380180569991775
0.2806665296577344
0.2778859831819868
0.2751685235720531
0.2728304473732012
0.26920925058630113
0.26665371076928246
0.26542465425685036
0.26252425967676796
0.2615250030140968
0.25861269246156726
0.25803171919747103
0.2534845912142249
0.252958335388407
0.25069921160537306
0.2502365945419857
0.24879819928270996
0.24796728592073336
0.24690515871218394
0.2446351581466004
0.24134176305672503
0.24026610738659107
0.24067279305216782
0.2382046796977309
0.23528108758468283
0.23610531910462998
0.2349637772437114
0.2336049317280114
0.23261485599977955
0.23061321401587634
0.2307451195535049
0.229017455020085
0.22739560335811282
0.2269024413608948
0.2240799627433579
0.22477562646450763
0.2239007375717838
0.22215245418403473
0.22047382528298473
0.2210645486995504
0.21889830255183612
0.21788639396492337
0.21806846342332298
0.21748815772702992
0.2152437759749196
0.21388833474707958
0.2123738551395039
0.2123960762140351
0.2117842343983208
0.21132306412379115
0.21073224339620997
0.20933503618560104
0.20835328899898684
0.20652232462011663
0.20951665744385817
0.20511175761947123
0.20569005864293374
0.20544682356139404
0.2025786329664538
0.20340435788225217
0.20173196308446623
0.20022729905790163
0.20004308119057682
0.19992921405431655
0.19903671214197513
0.1970560469698248
0.19777957761827633
0.19658331536626614
0.19613830492121906
0.19405070847323494
0.19285669656548193
0.19397505286287434
0.19373666166584289
0.19219811742905177
0.19146036524892443
0.19139543786296925
0.1908523319453866
0.19194683307084476
0.18868758661510332
0.18728792544794437
0.18820554810798262
0.18888571366973575
0.18596335955792004
0.1859216863883993
0.18634253647507967
0.18325187643147578
0.18503565199921002
0.18321402293682015
0.18373417434851413
0.18315414779853162
0.1819507888711393
0.18204921670389868
0.18045644188973387
0.18190920440465613
0.18199133315642338
0.17907939596867528
0.17961932625951113
0.17933777719472455
0.17798619021602918
0.1784873510811739
0.17625557609635384
0.17747971801758233
0.17663063523896771
0.17645310987807383
0.17505522487027292
0.17581674263345293
0.17440248396239716
0.17408478651024395
0.1746487129355734
0.17153621392861082
0.17174044528268198
0.17282125963358194
0.17234819265898457
0.17036542350456635
0.17080781119760266
0.16928390910491736
0.17146078139670082
0.16862812982601894
