loss
0.6978816753402751
0.6830473756918343
0.6582237924298933
0.6259147922197977
0.6023311538081015
0.5832162558711985
0.5698051282795527
0.5576639673722688
0.5493099417096825
0.5409804166004222
0.5316829277623084
0.5259790013554275
0.5175629618667787
0.5089282308534909
0.4982757366472675
0.4873362117076433
0.47431469075782323
0.4676838223972628
0.46101861350959344
0.44992405504629174
0.44179325678976633
0.43067757024239467
0.424327633073253
0.4149377645664318
0.41041810978804866
0.40133526448601037
0.3925297158539936
0.3915098509000194
0.3844666315182563
0.3783235582773403
