loss
0.702130633299468
0.6894458905681149
0.6835126660682342
0.6748773078997057
0.6638466512763893
0.652331775688863
0.6389541056129958
0.6273656438340197
0.617825183894608
0.6046609965327022
0.595524142404179
0.582731517789128
0.5727569590230565
0.5601685561321594
0.5495979073610935
0.5385177199329648
0.5255106301098079
0.5166968125235903
0.5056289318171177
0.497516726563265
0.4851345523045613
0.4773434736243971
0.4674552423613412
0.4596842918749694
0.45046808562435947
0.4394838225383025
0.43334462698344345
0.428643463240875
0.420774825326689
0.41487766360188577
0.4138870830391789
