loss
0.7013624617829919
0.6857280013129468
0.6776042815268509
0.6673878558038726
0.6561872865271381
0.6426293784239161
0.6281572303434056
0.6109702075560262
0.5937771393558172
0.5760412399224409
0.5608632376813513
0.5458355839327564
0.534526085994375
0.5206761601872332
0.5082672585652569
0.49713464984743616
0.48477381608617587
0.4764787972442747
0.4649910767247358
0.45825985379106415
0.4451979931414597
0.4395865420187552
0.4280709042323856
0.42402412220249025
0.41691668906549767
0.40534166933044674
0.39918388308971886
0.39372801980165045
0.3893047384624406
0.3791290106266502
