********************************************************************************
STREME - Sensitive, Thorough, Rapid, Enriched Motif Elicitation
********************************************************************************
MEME version 5.3.0 (Release date: Wed Nov 25 19:19:29 2020 -0800)

For further information on how to interpret please access http://meme-suite.org.
To get a copy of the MEME Suite software please access http://meme-suite.org.

********************************************************************************


********************************************************************************
REFERENCE
********************************************************************************
If you use this program in your research, please cite:

Timothy L. Bailey,
"STREME: Accurate and versatile sequence motif discovery",
bioRxiv, (preprint), Nov. 23, 2020.
********************************************************************************


ALPHABET= ACGT

strands: + -

Background letter frequencies
A 0.292 C 0.208 G 0.208 T 0.292 

MOTIF 1-TGAGTCATAWKGA STREME-1
letter-probability matrix: alength= 4 w= 13 nsites= 19956 P= 4.5e-282
 0.025870 0.021228 0.011271 0.941630
 0.009867 0.012970 0.733174 0.243990
 0.980332 0.001454 0.005310 0.012904
 0.033015 0.247990 0.660717 0.058277
 0.001052 0.000134 0.000416 0.998398
 0.203526 0.788683 0.007525 0.000267
 0.998157 0.000002 0.001839 0.000003
 0.139259 0.049932 0.133797 0.677012
 0.530987 0.176560 0.038677 0.253775
 0.399268 0.123823 0.154447 0.322461
 0.176578 0.113317 0.405869 0.304236
 0.183282 0.111964 0.509570 0.195184
 0.489254 0.146900 0.179477 0.184370

MOTIF 2-AAARDGRAASTR STREME-2
letter-probability matrix: alength= 4 w= 12 nsites= 15321 P= 4.8e-085
 0.737532 0.015693 0.246769 0.000006
 0.747288 0.000004 0.134307 0.118400
 0.824692 0.000004 0.088686 0.086617
 0.312502 0.173427 0.455611 0.058460
 0.376697 0.083319 0.326097 0.213887
 0.000006 0.000004 0.999985 0.000006
 0.595409 0.000004 0.404582 0.000006
 0.999986 0.000004 0.000004 0.000006
 0.999986 0.000004 0.000004 0.000006
 0.000006 0.460477 0.539512 0.000006
 0.138732 0.213475 0.074551 0.573242
 0.395162 0.133452 0.410306 0.061079

MOTIF 3-AAACCACAR STREME-3
letter-probability matrix: alength= 4 w= 9 nsites= 12241 P= 1.7e-076
 0.665023 0.137849 0.008923 0.188205
 0.888876 0.000788 0.063168 0.047168
 0.899960 0.026158 0.073865 0.000016
 0.000016 0.999955 0.000012 0.000016
 0.003980 0.994046 0.001958 0.000016
 0.915282 0.024004 0.038622 0.022092
 0.000016 0.999955 0.000012 0.000016
 0.873986 0.061348 0.029922 0.034744
 0.532736 0.042278 0.346006 0.078981

MOTIF 4-TCAWAAKGAKAV STREME-4
letter-probability matrix: alength= 4 w= 12 nsites= 5643 P= 1.4e-037
 0.000014 0.000010 0.000010 0.999967
 0.328302 0.671674 0.000010 0.000014
 0.982067 0.000010 0.017910 0.000014
 0.438965 0.000010 0.158772 0.402253
 0.969487 0.000010 0.000010 0.030493
 0.657700 0.073871 0.184815 0.083614
 0.000014 0.032854 0.553677 0.413455
 0.227320 0.043533 0.671522 0.057625
 0.897888 0.096338 0.000010 0.005764
 0.177552 0.059291 0.440665 0.322493
 0.999967 0.000010 0.000010 0.000014
 0.284903 0.395653 0.206714 0.112729

MOTIF 5-GGAAADYCCC STREME-5
letter-probability matrix: alength= 4 w= 10 nsites= 2984 P= 5.7e-037
 0.000039 0.021234 0.978688 0.000039
 0.000039 0.000028 0.999894 0.000039
 0.681328 0.037652 0.280981 0.000039
 0.999905 0.000028 0.000028 0.000039
 0.885335 0.000028 0.000028 0.114609
 0.194681 0.161524 0.328215 0.315580
 0.161339 0.356790 0.000028 0.481843
 0.202873 0.797060 0.000028 0.000039
 0.000039 0.999894 0.000028 0.000039
 0.000039 0.999894 0.000028 0.000039

MOTIF 6-AGTCATTTC STREME-6
letter-probability matrix: alength= 4 w= 9 nsites= 9228 P= 2.1e-033
 0.796588 0.031094 0.000028 0.172290
 0.068684 0.132625 0.741446 0.057245
 0.017106 0.000028 0.000028 0.982838
 0.013472 0.986460 0.000028 0.000040
 0.992382 0.000028 0.007550 0.000040
 0.000040 0.060022 0.000028 0.939910
 0.121805 0.149086 0.000028 0.729081
 0.008393 0.002471 0.001133 0.988003
 0.087422 0.564298 0.251325 0.096955

MOTIF 7-CAAAAAAAAAAAAAAA STREME-7
letter-probability matrix: alength= 4 w= 16 nsites= 1341 P= 1.2e-021
 0.211646 0.587186 0.000033 0.201135
 0.999887 0.000033 0.000033 0.000047
 0.999887 0.000033 0.000033 0.000047
 0.981979 0.000033 0.017941 0.000047
 0.999887 0.000033 0.000033 0.000047
 0.792737 0.178387 0.028829 0.000047
 0.854849 0.098935 0.046170 0.000047
 0.961109 0.001906 0.036938 0.000047
 0.988098 0.000033 0.011822 0.000047
 0.997670 0.000033 0.002250 0.000047
 0.833703 0.166217 0.000033 0.000047
 0.896510 0.103410 0.000033 0.000047
 0.928418 0.064711 0.006825 0.000047
 0.966526 0.014794 0.018633 0.000047
 0.922281 0.031932 0.045739 0.000047
 0.860497 0.042340 0.062205 0.034958

MOTIF 8-CCCCCACCCCC STREME-8
letter-probability matrix: alength= 4 w= 11 nsites= 3940 P= 6.7e-018
 0.044953 0.815880 0.034880 0.104287
 0.037049 0.888947 0.034412 0.039592
 0.105032 0.777627 0.039170 0.078171
 0.030442 0.911775 0.034810 0.022972
 0.050580 0.862916 0.030875 0.055628
 0.847060 0.002366 0.088747 0.061826
 0.061941 0.851215 0.023537 0.063307
 0.053308 0.862380 0.064669 0.019643
 0.065032 0.803709 0.048542 0.082717
 0.106348 0.807112 0.032315 0.054225
 0.037160 0.887357 0.046318 0.029165

MOTIF 9-GTCATTCTGAWA STREME-9
letter-probability matrix: alength= 4 w= 12 nsites= 1020 P= 2.6e-017
 0.112626 0.033832 0.830006 0.023537
 0.007426 0.024275 0.005147 0.963152
 0.092585 0.859463 0.031760 0.016192
 0.977141 0.007127 0.015357 0.000374
 0.079720 0.001252 0.011332 0.907696
 0.057428 0.090507 0.005225 0.846839
 0.112210 0.697862 0.137247 0.052681
 0.113677 0.023335 0.020207 0.842781
 0.038571 0.012965 0.920198 0.028266
 0.743005 0.151585 0.080566 0.024844
 0.478570 0.090403 0.175770 0.255257
 0.865080 0.026232 0.025802 0.082885

MOTIF 10-ACTCCAGCCTGGGYRACA STREME-10
letter-probability matrix: alength= 4 w= 18 nsites= 685 P= 2.6e-015
 0.952234 0.009897 0.031234 0.006634
 0.019765 0.742112 0.195379 0.042744
 0.197041 0.011538 0.008256 0.783165
 0.004993 0.930877 0.019745 0.044385
 0.004993 0.929235 0.003332 0.062440
 0.994908 0.000049 0.001691 0.003352
 0.023048 0.024669 0.927594 0.024689
 0.008276 0.958779 0.008256 0.024689
 0.013200 0.930877 0.011538 0.044385
 0.008276 0.011538 0.000049 0.980137
 0.054233 0.006614 0.939083 0.000069
 0.062439 0.011538 0.914464 0.011558
 0.052592 0.085404 0.850445 0.011558
 0.011558 0.625513 0.019745 0.343183
 0.482689 0.011539 0.490931 0.014841
 0.967006 0.004973 0.023028 0.004993
 0.006634 0.914464 0.024669 0.054233
 0.947310 0.008256 0.032876 0.011558

MOTIF 11-GCCTGTAATCCCAGC STREME-11
letter-probability matrix: alength= 4 w= 15 nsites= 521 P= 2.7e-011
 0.229611 0.012581 0.734768 0.023039
 0.012606 0.912130 0.008408 0.066855
 0.006347 0.924650 0.004235 0.064767
 0.010520 0.018840 0.002149 0.968491
 0.085634 0.010495 0.895438 0.008434
 0.000088 0.020927 0.004235 0.974750
 0.955972 0.010495 0.027186 0.006347
 0.826607 0.000063 0.173242 0.000088
 0.000088 0.043878 0.004235 0.951798
 0.010520 0.955947 0.002149 0.031384
 0.004261 0.893351 0.000063 0.102326
 0.002174 0.897525 0.000063 0.100238
 0.968491 0.006322 0.016754 0.008434
 0.083546 0.006322 0.903785 0.006347
 0.012607 0.910044 0.012581 0.064768

MOTIF 12-TGAGATACCAYYTCACACC STREME-12
letter-probability matrix: alength= 4 w= 19 nsites= 387 P= 2.7e-011
 0.022968 0.022933 0.002942 0.951158
 0.020112 0.005798 0.965403 0.008688
 0.962581 0.002942 0.000086 0.034391
 0.085798 0.028645 0.882581 0.002976
 0.876904 0.011509 0.080052 0.031535
 0.002976 0.060060 0.000086 0.936878
 0.911175 0.002942 0.068628 0.017256
 0.037247 0.731217 0.014365 0.217171
 0.025824 0.831174 0.005798 0.137205
 0.948302 0.011509 0.031501 0.008688
 0.017256 0.351365 0.005798 0.625581
 0.005832 0.602698 0.017221 0.374249
 0.088654 0.025789 0.014365 0.871192
 0.011544 0.814038 0.014365 0.160053
 0.971149 0.005798 0.017221 0.005832
 0.008688 0.762630 0.005798 0.222885
 0.788369 0.100043 0.062917 0.048671
 0.037247 0.834030 0.022933 0.105790
 0.045815 0.822606 0.011509 0.120069

MOTIF 13-GGGGAWTTT STREME-13
letter-probability matrix: alength= 4 w= 9 nsites= 2634 P= 5.9e-011
 0.000113 0.000081 0.999693 0.000113
 0.000113 0.000081 0.999693 0.000113
 0.000113 0.000081 0.999693 0.000113
 0.000113 0.012623 0.888805 0.098459
 0.999725 0.000081 0.000081 0.000113
 0.579644 0.067191 0.000081 0.353084
 0.261141 0.000081 0.162076 0.576702
 0.000113 0.000081 0.000081 0.999725
 0.104147 0.264076 0.000081 0.631696

MOTIF 14-AGGAAGTGG STREME-14
letter-probability matrix: alength= 4 w= 9 nsites= 4086 P= 6.7e-010
 0.892282 0.029621 0.078037 0.000060
 0.000060 0.001936 0.997944 0.000060
 0.000060 0.007663 0.983384 0.008893
 0.957306 0.042592 0.000043 0.000060
 0.713380 0.024895 0.003023 0.258702
 0.113599 0.005462 0.880879 0.000060
 0.027622 0.050160 0.006261 0.915957
 0.042259 0.031473 0.863292 0.062976
 0.248632 0.049417 0.683195 0.018756

MOTIF 15-GAGYRAGACTCYGTCT STREME-15
letter-probability matrix: alength= 4 w= 16 nsites= 517 P= 7.4e-010
 0.045168 0.023791 0.909592 0.021449
 0.973666 0.000071 0.009559 0.016704
 0.035680 0.005800 0.951304 0.007216
 0.009588 0.620193 0.021419 0.348799
 0.342673 0.000071 0.654783 0.002472
 0.985526 0.004815 0.007187 0.002472
 0.059402 0.004815 0.933311 0.002472
 0.971294 0.007187 0.021419 0.000100
 0.002472 0.938056 0.000071 0.059401
 0.016704 0.270488 0.016675 0.696133
 0.016704 0.888245 0.023791 0.071260
 0.021448 0.355889 0.011931 0.610732
 0.223080 0.009559 0.760144 0.007216
 0.009588 0.002443 0.002443 0.985526
 0.007216 0.949917 0.011931 0.030936
 0.023820 0.007187 0.002443 0.966550

MOTIF 16-AGCCACYGYGCCYGGCC STREME-16
letter-probability matrix: alength= 4 w= 17 nsites= 362 P= 8.9e-010
 0.915479 0.016931 0.030970 0.036620
 0.042235 0.000084 0.949139 0.008542
 0.008542 0.923868 0.014123 0.053467
 0.002926 0.937907 0.002892 0.056274
 0.974443 0.000084 0.019739 0.005734
 0.000118 0.954754 0.011315 0.033812
 0.022581 0.468996 0.022547 0.485876
 0.255635 0.008508 0.721700 0.014157
 0.019773 0.471802 0.008508 0.499917
 0.292134 0.005700 0.679586 0.022581
 0.005734 0.951946 0.011315 0.031004
 0.005734 0.946331 0.002892 0.045043
 0.061890 0.454957 0.011315 0.471837
 0.317406 0.019739 0.643082 0.019773
 0.033812 0.005700 0.954754 0.005734
 0.025389 0.904214 0.022547 0.047851
 0.031004 0.783477 0.011315 0.174203

MOTIF 17-YAGTCATA STREME-17
letter-probability matrix: alength= 4 w= 8 nsites= 1364 P= 9.8e-010
 0.000246 0.655936 0.000175 0.343643
 0.970047 0.020275 0.009431 0.000246
 0.000246 0.000175 0.999333 0.000246
 0.000246 0.000175 0.000175 0.999404
 0.000246 0.999333 0.000175 0.000246
 0.995679 0.000175 0.003900 0.000246
 0.000246 0.000175 0.000175 0.999404
 0.700924 0.221396 0.000175 0.077506

MOTIF 18-CCTCRGCCTCCCAA STREME-18
letter-probability matrix: alength= 4 w= 14 nsites= 396 P= 1.9e-009
 0.008458 0.929016 0.002864 0.059662
 0.002898 0.930170 0.008425 0.058507
 0.000117 0.011205 0.002864 0.985814
 0.000117 0.685896 0.008425 0.305562
 0.437957 0.002864 0.509012 0.050168
 0.011239 0.000083 0.988561 0.000117
 0.000117 0.969097 0.008425 0.022361
 0.008458 0.954041 0.000083 0.037417
 0.000117 0.008425 0.002864 0.988594
 0.002898 0.977439 0.000083 0.019580
 0.011239 0.960756 0.000083 0.027921
 0.002898 0.896157 0.030668 0.070277
 0.828303 0.022327 0.135350 0.014020
 0.877374 0.005644 0.105743 0.011239

MOTIF 19-GAAATGCAAATYA STREME-19
letter-probability matrix: alength= 4 w= 13 nsites= 528 P= 1.0e-008
 0.045702 0.023551 0.915523 0.015224
 0.925698 0.012408 0.057692 0.004202
 0.966866 0.016524 0.012408 0.004202
 0.993617 0.002119 0.004177 0.000087
 0.007114 0.008293 0.000062 0.984532
 0.013829 0.009688 0.973227 0.003257
 0.015471 0.883096 0.005885 0.095547
 0.991650 0.003232 0.004177 0.000941
 0.975797 0.005031 0.016174 0.002998
 0.994132 0.000458 0.005323 0.000087
 0.014491 0.042072 0.000062 0.943376
 0.033714 0.533377 0.062943 0.369966
 0.942265 0.022640 0.025151 0.009944

MOTIF 20-GCAGTGAGCYRAGATCRYR STREME-20
letter-probability matrix: alength= 4 w= 19 nsites= 297 P= 1.4e-008
 0.062621 0.007459 0.911392 0.018527
 0.011178 0.922416 0.000110 0.066296
 0.918786 0.007459 0.073600 0.000155
 0.025876 0.007459 0.951812 0.014853
 0.007504 0.018483 0.007459 0.966554
 0.069970 0.000110 0.918741 0.011178
 0.970229 0.011134 0.007459 0.011178
 0.047923 0.011134 0.940788 0.000155
 0.025876 0.918741 0.007459 0.047923
 0.014853 0.577010 0.018483 0.389655
 0.389654 0.014808 0.569661 0.025876
 0.668919 0.003785 0.018483 0.308814
 0.055272 0.014808 0.922415 0.007504
 0.940833 0.003785 0.047879 0.007504
 0.000155 0.051553 0.003785 0.944507
 0.022202 0.628454 0.036855 0.312489
 0.356584 0.022157 0.602732 0.018527
 0.022202 0.543939 0.018483 0.415376
 0.360258 0.011134 0.621104 0.007504

MOTIF 21-AACTGAWACY STREME-21
letter-probability matrix: alength= 4 w= 10 nsites= 4185 P= 2.6e-008
 0.904663 0.008199 0.029041 0.058097
 0.945061 0.020877 0.000046 0.034016
 0.080571 0.720301 0.163437 0.035691
 0.089131 0.254514 0.099731 0.556625
 0.048192 0.000046 0.951697 0.000065
 0.905375 0.046153 0.025959 0.022513
 0.534669 0.024590 0.028905 0.411836
 0.985691 0.000046 0.009282 0.004981
 0.007552 0.940654 0.050040 0.001753
 0.032300 0.430861 0.011435 0.525405

MOTIF 22-TCATCTGTAAAATGRR STREME-22
letter-probability matrix: alength= 4 w= 16 nsites= 545 P= 3.2e-008
 0.044672 0.124940 0.006679 0.823709
 0.027224 0.850498 0.000058 0.122220
 0.946652 0.024127 0.000058 0.029162
 0.050488 0.011690 0.031077 0.906744
 0.034978 0.717056 0.019445 0.228520
 0.052427 0.001997 0.009752 0.935825
 0.097822 0.003936 0.898161 0.000082
 0.009775 0.077277 0.042710 0.870238
 0.845839 0.045453 0.085361 0.023346
 0.961028 0.021384 0.015568 0.002020
 0.953273 0.011690 0.029139 0.005898
 0.632581 0.120258 0.223815 0.023346
 0.027224 0.104748 0.017506 0.850522
 0.232397 0.005874 0.655018 0.106710
 0.362292 0.009752 0.569713 0.058243
 0.301386 0.060158 0.580213 0.058243

MOTIF 23-GAGAGARAGRGAGA STREME-23
letter-probability matrix: alength= 4 w= 14 nsites= 1134 P= 3.5e-008
 0.000022 0.000016 0.999940 0.000022
 0.941710 0.017264 0.036501 0.004524
 0.110089 0.131118 0.722315 0.036477
 0.499862 0.089418 0.222039 0.188681
 0.161871 0.200594 0.637513 0.000022
 0.811275 0.004248 0.151080 0.033398
 0.318791 0.000016 0.602253 0.078940
 0.712575 0.065531 0.221872 0.000022
 0.219872 0.196780 0.528532 0.054817
 0.543623 0.058214 0.319748 0.078415
 0.156708 0.093545 0.749725 0.000022
 0.887703 0.049093 0.063182 0.000022
 0.007293 0.000016 0.989963 0.002728
 0.787239 0.069321 0.137684 0.005756

MOTIF 24-ACACACACACACACACA STREME-24
letter-probability matrix: alength= 4 w= 17 nsites= 712 P= 9.2e-008
 0.877425 0.024282 0.064494 0.033799
 0.078438 0.844756 0.020562 0.056244
 0.920155 0.005006 0.064856 0.009983
 0.006678 0.920506 0.001702 0.071114
 0.908275 0.043006 0.048649 0.000070
 0.008331 0.870994 0.046311 0.074365
 0.913232 0.028137 0.055258 0.003374
 0.055277 0.780176 0.009963 0.154584
 0.841875 0.031441 0.110748 0.015937
 0.000070 0.818211 0.049615 0.132104
 0.872559 0.016291 0.036398 0.074752
 0.035451 0.868602 0.021528 0.074419
 0.898362 0.033093 0.058562 0.009983
 0.024852 0.744219 0.063659 0.167270
 0.882526 0.019876 0.038876 0.058723
 0.050496 0.857422 0.059529 0.032553
 0.862666 0.051127 0.046485 0.039722

MOTIF 25-AAAGCAGAAGT STREME-25
letter-probability matrix: alength= 4 w= 11 nsites= 486 P= 2.1e-007
 0.914235 0.009001 0.050175 0.026590
 0.958165 0.005457 0.004269 0.032108
 0.960411 0.001180 0.019983 0.018426
 0.079690 0.023638 0.886456 0.010215
 0.011437 0.853389 0.121514 0.013660
 0.990233 0.005457 0.000159 0.004151
 0.007466 0.000738 0.991106 0.000690
 0.896106 0.072453 0.009001 0.022439
 0.948509 0.016054 0.003150 0.032287
 0.001574 0.102274 0.879378 0.016774
 0.024115 0.060236 0.010151 0.905498

MOTIF 26-TCCCACCARCARTGTAT STREME-26
letter-probability matrix: alength= 4 w= 17 nsites= 278 P= 2.2e-007
 0.025056 0.033299 0.016712 0.924933
 0.025056 0.808770 0.041593 0.124581
 0.020909 0.891707 0.000124 0.087259
 0.000175 0.854385 0.008418 0.137022
 0.970548 0.000124 0.025006 0.004322
 0.041644 0.817063 0.020859 0.120434
 0.058231 0.833651 0.020859 0.087259
 0.966401 0.012565 0.012565 0.008469
 0.369248 0.000124 0.626306 0.004322
 0.012615 0.904148 0.020859 0.062378
 0.924933 0.008418 0.041593 0.025056
 0.331926 0.033299 0.613865 0.020909
 0.029203 0.083062 0.012565 0.875170
 0.128728 0.012565 0.825357 0.033350
 0.054084 0.103796 0.020859 0.821261
 0.792233 0.045740 0.116237 0.045790
 0.041644 0.116237 0.066475 0.775645

MOTIF 27-ATACAARTGGCCAAYAA STREME-27
letter-probability matrix: alength= 4 w= 17 nsites= 355 P= 1.3e-006
 0.945386 0.012869 0.038416 0.003328
 0.003328 0.140605 0.003289 0.852778
 0.871938 0.016063 0.070350 0.041649
 0.022488 0.871900 0.019256 0.086356
 0.948580 0.003289 0.035223 0.012908
 0.715460 0.060770 0.035223 0.188547
 0.648397 0.003289 0.348179 0.000135
 0.006521 0.102285 0.000096 0.891098
 0.124677 0.000096 0.868706 0.006521
 0.261994 0.009676 0.721809 0.006521
 0.022488 0.859126 0.032030 0.086356
 0.057616 0.868706 0.003289 0.070389
 0.983707 0.000096 0.012869 0.003328
 0.916646 0.012869 0.063964 0.006521
 0.092743 0.469529 0.089511 0.348217
 0.868745 0.038416 0.070350 0.022488
 0.782522 0.025643 0.150186 0.041649

MOTIF 28-AGATGYTGGYRAGGHTGYR STREME-28
letter-probability matrix: alength= 4 w= 19 nsites= 153 P= 2.8e-006
 0.983596 0.000234 0.000234 0.015936
 0.234440 0.023645 0.725979 0.015936
 0.835325 0.000234 0.140701 0.023740
 0.000329 0.000234 0.000234 0.999203
 0.000329 0.023645 0.967893 0.008133
 0.008133 0.593315 0.008038 0.390514
 0.000329 0.000234 0.000234 0.999203
 0.070562 0.008038 0.921071 0.000329
 0.062758 0.000234 0.913268 0.023740
 0.023740 0.445045 0.015841 0.515374
 0.367103 0.023645 0.608923 0.000329
 0.960185 0.000234 0.008038 0.031544
 0.156403 0.000234 0.819623 0.023740
 0.062758 0.031449 0.889857 0.015936
 0.359299 0.265560 0.000234 0.374907
 0.000329 0.086075 0.008038 0.905559
 0.109580 0.023645 0.819623 0.047151
 0.023740 0.499672 0.015841 0.460747
 0.577803 0.023645 0.335793 0.062758

MOTIF 29-TATTWTTAR STREME-29
letter-probability matrix: alength= 4 w= 9 nsites= 2932 P= 5.3e-006
 0.000108 0.000077 0.000077 0.999738
 0.999738 0.000077 0.000077 0.000108
 0.000108 0.000077 0.000077 0.999738
 0.000108 0.000077 0.000077 0.999738
 0.403314 0.000077 0.000077 0.596532
 0.189711 0.047304 0.121046 0.641939
 0.052044 0.000077 0.000077 0.947802
 0.999738 0.000077 0.000077 0.000108
 0.424723 0.032179 0.470877 0.072221

MOTIF 30-TGGCAGTTCCTCAAAA STREME-30
letter-probability matrix: alength= 4 w= 16 nsites= 159 P= 1.0e-005
 0.021251 0.021167 0.007195 0.950387
 0.119052 0.000210 0.740727 0.140012
 0.000294 0.000210 0.817570 0.181926
 0.056180 0.810587 0.007195 0.126038
 0.887516 0.000210 0.104995 0.007280
 0.112066 0.000210 0.873459 0.014266
 0.014266 0.000210 0.000210 0.985315
 0.000294 0.021167 0.000210 0.978330
 0.007280 0.740729 0.007195 0.244796
 0.007280 0.971259 0.014181 0.007280
 0.000294 0.007195 0.000210 0.992301
 0.000294 0.817572 0.014181 0.167953
 0.985315 0.000210 0.014181 0.000294
 0.908472 0.028152 0.021167 0.042209
 0.943401 0.021167 0.028152 0.007280
 0.740813 0.063081 0.098009 0.098097

MOTIF 31-AAAAGGAAA STREME-31
letter-probability matrix: alength= 4 w= 9 nsites= 8046 P= 2.2e-005
 0.886133 0.032683 0.055982 0.025203
 0.943199 0.000721 0.052862 0.003218
 0.773054 0.105474 0.112946 0.008526
 0.901663 0.000988 0.041393 0.055956
 0.000240 0.001361 0.998159 0.000240
 0.000240 0.045627 0.945859 0.008274
 0.879660 0.105520 0.014528 0.000291
 0.862921 0.003373 0.115667 0.018040
 0.957493 0.007506 0.034761 0.000240

MOTIF 32-CTTCCTCC STREME-32
letter-probability matrix: alength= 4 w= 8 nsites= 3830 P= 4.1e-005
 0.000263 0.961173 0.003366 0.035198
 0.024882 0.130852 0.052967 0.791299
 0.011782 0.073399 0.098155 0.816664
 0.000203 0.973649 0.001093 0.025056
 0.000204 0.982590 0.013847 0.003359
 0.001783 0.033641 0.009394 0.955181
 0.013613 0.756855 0.134629 0.094903
 0.036594 0.831348 0.051684 0.080374

MOTIF 33-AARTGGAATCATACAG STREME-33
letter-probability matrix: alength= 4 w= 16 nsites= 207 P= 6.0e-005
 0.785353 0.005251 0.193887 0.015510
 0.984185 0.000153 0.005251 0.010411
 0.377487 0.005251 0.617047 0.000215
 0.000215 0.000153 0.030742 0.968890
 0.193949 0.000153 0.785291 0.020608
 0.193949 0.000153 0.790389 0.015510
 0.912809 0.015448 0.061332 0.010411
 0.831236 0.117414 0.051135 0.000215
 0.000215 0.040939 0.015448 0.943399
 0.086886 0.831174 0.000153 0.081787
 0.948497 0.000153 0.046037 0.005313
 0.005313 0.081725 0.020546 0.892416
 0.810844 0.010349 0.142904 0.035903
 0.020608 0.780192 0.000153 0.199047
 0.989283 0.000153 0.010349 0.000215
 0.275521 0.005251 0.698620 0.020608

MOTIF 34-CATTATTCACAATAGCCA STREME-34
letter-probability matrix: alength= 4 w= 18 nsites= 107 P= 6.0e-005
 0.052443 0.832395 0.041916 0.073245
 0.863725 0.021114 0.041916 0.073245
 0.052443 0.166728 0.000312 0.780517
 0.000438 0.083520 0.000312 0.915730
 0.946933 0.031515 0.021114 0.000438
 0.000438 0.083520 0.021114 0.894928
 0.000438 0.000312 0.021114 0.978136
 0.010839 0.936405 0.010713 0.042042
 0.946933 0.010713 0.041916 0.000438
 0.052443 0.697182 0.000312 0.250063
 0.884527 0.041916 0.041916 0.031641
 0.884527 0.041916 0.062718 0.010839
 0.031641 0.208333 0.010713 0.749313
 0.926131 0.010713 0.031515 0.031641
 0.062844 0.031515 0.853197 0.052443
 0.073245 0.707583 0.031515 0.187657
 0.042042 0.873999 0.031515 0.052443
 0.936532 0.052317 0.000312 0.010839

MOTIF 35-TGGGGAAA STREME-35
letter-probability matrix: alength= 4 w= 8 nsites= 666 P= 7.8e-005
 0.026555 0.018900 0.018900 0.935645
 0.026555 0.018900 0.927991 0.026555
 0.026555 0.018900 0.927991 0.026555
 0.026555 0.018900 0.927991 0.026555
 0.026555 0.018900 0.927991 0.026555
 0.935645 0.018900 0.018900 0.026555
 0.935645 0.018900 0.018900 0.026555
 0.935645 0.018900 0.018900 0.026555

MOTIF 36-STGASTCAS STREME-36
letter-probability matrix: alength= 4 w= 9 nsites= 1041 P= 1.1e-004
 0.084136 0.292585 0.510215 0.113064
 0.000278 0.072150 0.000198 0.927375
 0.000278 0.000198 0.999247 0.000278
 0.998316 0.001209 0.000198 0.000278
 0.000278 0.499722 0.499722 0.000278
 0.000278 0.000198 0.001209 0.998316
 0.000278 0.999247 0.000198 0.000278
 0.927375 0.000198 0.072150 0.000278
 0.113064 0.510215 0.292585 0.084136

MOTIF 37-ACATGCCTTCCTCACTAA STREME-37
letter-probability matrix: alength= 4 w= 18 nsites= 82 P= 1.2e-004
 0.921681 0.031161 0.046511 0.000647
 0.015997 0.906143 0.000460 0.077399
 0.921681 0.046511 0.000460 0.031347
 0.000647 0.015811 0.015811 0.967732
 0.062048 0.015811 0.921495 0.000647
 0.031348 0.875444 0.015811 0.077398
 0.031347 0.921495 0.015811 0.031347
 0.015997 0.015811 0.000460 0.967732
 0.000647 0.015811 0.015811 0.967732
 0.000647 0.814042 0.046511 0.138800
 0.000647 0.936845 0.000460 0.062048
 0.000647 0.015811 0.000460 0.983082
 0.015997 0.936845 0.015811 0.031347
 0.998432 0.000460 0.000460 0.000647
 0.031347 0.875444 0.031161 0.062048
 0.031347 0.046511 0.031161 0.890981
 0.937032 0.000460 0.046511 0.015997
 0.937032 0.015811 0.015811 0.031347

MOTIF 38-AACTCCTGRSCTCAAG STREME-38
letter-probability matrix: alength= 4 w= 16 nsites= 225 P= 1.4e-004
 0.990408 0.000137 0.009263 0.000192
 0.848955 0.059456 0.032078 0.059512
 0.000192 0.949286 0.000137 0.050385
 0.004755 0.018389 0.000137 0.976719
 0.023007 0.917345 0.000137 0.059511
 0.009318 0.967538 0.018389 0.004755
 0.004755 0.045766 0.000137 0.949342
 0.036696 0.000137 0.962975 0.000192
 0.543222 0.004700 0.447323 0.004755
 0.041259 0.570545 0.374315 0.013881
 0.009318 0.931034 0.000137 0.059511
 0.009318 0.004700 0.000137 0.985845
 0.018444 0.944723 0.018389 0.018444
 0.931089 0.013826 0.045767 0.009318
 0.730307 0.000137 0.200918 0.068637
 0.118833 0.018389 0.853461 0.009318

MOTIF 39-GTGGGAGGA STREME-39
letter-probability matrix: alength= 4 w= 9 nsites= 735 P= 1.5e-004
 0.000378 0.000269 0.998975 0.000378
 0.000378 0.059019 0.000269 0.940334
 0.303377 0.000269 0.695976 0.000378
 0.000378 0.000269 0.998975 0.000378
 0.000378 0.000269 0.903290 0.096063
 0.633804 0.062031 0.000269 0.303896
 0.000378 0.000269 0.998975 0.000378
 0.000378 0.000269 0.998975 0.000378
 0.764197 0.000269 0.000269 0.235266

MOTIF 40-GGGTATATACCTAGG STREME-40
letter-probability matrix: alength= 4 w= 15 nsites= 136 P= 2.6e-004
 0.025175 0.006415 0.924550 0.043860
 0.149739 0.000187 0.812442 0.037632
 0.056316 0.031328 0.843584 0.068773
 0.012719 0.102423 0.000187 0.884672
 0.937082 0.018871 0.043784 0.000262
 0.106142 0.062469 0.077510 0.753879
 0.843659 0.025100 0.099838 0.031404
 0.018947 0.046369 0.000187 0.934497
 0.961995 0.018871 0.018871 0.000262
 0.068772 0.868496 0.000187 0.062544
 0.043860 0.862268 0.006415 0.087457
 0.018947 0.274231 0.006415 0.700407
 0.943310 0.006415 0.031328 0.018947
 0.224479 0.012643 0.762616 0.000262
 0.286761 0.012643 0.581995 0.118600

MOTIF 41-AGAAGCAGA STREME-41
letter-probability matrix: alength= 4 w= 9 nsites= 282 P= 2.6e-004
 0.935645 0.018900 0.018900 0.026555
 0.026555 0.018900 0.927991 0.026555
 0.935645 0.018900 0.018900 0.026555
 0.935645 0.018900 0.018900 0.026555
 0.026555 0.018900 0.927991 0.026555
 0.026555 0.927991 0.018900 0.026555
 0.935645 0.018900 0.018900 0.026555
 0.026555 0.018900 0.927991 0.026555
 0.935645 0.018900 0.018900 0.026555

MOTIF 42-AGAAATGA STREME-42
letter-probability matrix: alength= 4 w= 8 nsites= 701 P= 2.8e-004
 0.935645 0.018900 0.018900 0.026555
 0.026555 0.018900 0.927991 0.026555
 0.935645 0.018900 0.018900 0.026555
 0.935645 0.018900 0.018900 0.026555
 0.935645 0.018900 0.018900 0.026555
 0.026555 0.018900 0.018900 0.935645
 0.026555 0.018900 0.927991 0.026555
 0.935645 0.018900 0.018900 0.026555

MOTIF 43-TTAAAAAAAAA STREME-43
letter-probability matrix: alength= 4 w= 11 nsites= 248 P= 4.6e-004
 0.026555 0.018900 0.018900 0.935645
 0.026555 0.018900 0.018900 0.935645
 0.935645 0.018900 0.018900 0.026555
 0.935645 0.018900 0.018900 0.026555
 0.935645 0.018900 0.018900 0.026555
 0.935645 0.018900 0.018900 0.026555
 0.935645 0.018900 0.018900 0.026555
 0.935645 0.018900 0.018900 0.026555
 0.935645 0.018900 0.018900 0.026555
 0.935645 0.018900 0.018900 0.026555
 0.935645 0.018900 0.018900 0.026555

MOTIF 44-AAAAAAAAAAAA STREME-44
letter-probability matrix: alength= 4 w= 12 nsites= 307 P= 6.1e-004
 0.935645 0.018900 0.018900 0.026555
 0.935645 0.018900 0.018900 0.026555
 0.935645 0.018900 0.018900 0.026555
 0.935645 0.018900 0.018900 0.026555
 0.935645 0.018900 0.018900 0.026555
 0.935645 0.018900 0.018900 0.026555
 0.935645 0.018900 0.018900 0.026555
 0.935645 0.018900 0.018900 0.026555
 0.935645 0.018900 0.018900 0.026555
 0.935645 0.018900 0.018900 0.026555
 0.935645 0.018900 0.018900 0.026555
 0.935645 0.018900 0.018900 0.026555

MOTIF 45-CATTTTACA STREME-45
letter-probability matrix: alength= 4 w= 9 nsites= 320 P= 6.1e-004
 0.026555 0.927991 0.018900 0.026555
 0.935645 0.018900 0.018900 0.026555
 0.026555 0.018900 0.018900 0.935645
 0.026555 0.018900 0.018900 0.935645
 0.026555 0.018900 0.018900 0.935645
 0.026555 0.018900 0.018900 0.935645
 0.935645 0.018900 0.018900 0.026555
 0.026555 0.927991 0.018900 0.026555
 0.935645 0.018900 0.018900 0.026555

MOTIF 46-CAGCCACTKTGGAAARCAG STREME-46
letter-probability matrix: alength= 4 w= 19 nsites= 164 P= 9.1e-004
 0.012995 0.846548 0.000191 0.140266
 0.967532 0.000191 0.019281 0.012995
 0.280264 0.006554 0.700186 0.012995
 0.025722 0.814730 0.019281 0.140266
 0.000268 0.884729 0.000191 0.114812
 0.852989 0.019281 0.044736 0.082994
 0.025722 0.719277 0.000191 0.254810
 0.019359 0.006554 0.032009 0.942078
 0.203902 0.051100 0.458371 0.286627
 0.000268 0.019281 0.006554 0.973896
 0.095721 0.000191 0.884729 0.019359
 0.165721 0.012918 0.821093 0.000268
 0.954805 0.000191 0.038372 0.006632
 0.973896 0.000191 0.025645 0.000268
 0.878443 0.012918 0.108371 0.000268
 0.642987 0.000191 0.343827 0.012995
 0.019359 0.821094 0.012918 0.146630
 0.903897 0.006554 0.051099 0.038449
 0.076631 0.025645 0.878365 0.019359

MOTIF 47-AGAATGGCTATWATTA STREME-47
letter-probability matrix: alength= 4 w= 16 nsites= 155 P= 9.1e-004
 0.978774 0.000205 0.000205 0.020816
 0.000288 0.013890 0.978691 0.007131
 0.711915 0.027575 0.226009 0.034501
 0.985616 0.000205 0.000205 0.013973
 0.013973 0.000205 0.000205 0.985616
 0.089241 0.000205 0.903423 0.007131
 0.000288 0.020733 0.971848 0.007131
 0.000288 0.937635 0.000205 0.061872
 0.075556 0.102844 0.075474 0.746126
 0.958246 0.000205 0.041261 0.000288
 0.205565 0.068630 0.068630 0.657175
 0.410840 0.075473 0.034419 0.479268
 0.951404 0.007048 0.041260 0.000288
 0.013973 0.102843 0.000205 0.882979
 0.130296 0.239694 0.061788 0.568221
 0.821395 0.000205 0.089158 0.089241

MOTIF 48-AAACAACAACAACAAMAAM STREME-48
letter-probability matrix: alength= 4 w= 19 nsites= 172 P= 9.1e-004
 0.557917 0.197683 0.093119 0.151281
 0.877416 0.035029 0.035029 0.052526
 0.877416 0.035029 0.064074 0.023481
 0.040908 0.703073 0.005983 0.250035
 0.987789 0.000174 0.000174 0.011863
 0.871607 0.000174 0.127974 0.000245
 0.081572 0.830873 0.005983 0.081572
 0.958743 0.000174 0.029220 0.011863
 0.807707 0.023411 0.168637 0.000245
 0.000245 0.859918 0.000174 0.139663
 0.970361 0.011792 0.000174 0.017672
 0.906462 0.000174 0.093119 0.000245
 0.180326 0.598510 0.046647 0.174517
 0.947125 0.005983 0.035029 0.011863
 0.749617 0.046647 0.151210 0.052526
 0.470781 0.493946 0.000174 0.035099
 0.813516 0.023411 0.046647 0.116426
 0.801898 0.075692 0.058265 0.064145
 0.505635 0.267392 0.040838 0.186135

MOTIF 49-AAAGTCAAAAAAYAAC STREME-49
letter-probability matrix: alength= 4 w= 16 nsites= 138 P= 9.1e-004
 0.928416 0.008100 0.031694 0.031790
 0.999197 0.000236 0.000236 0.000331
 0.952010 0.008100 0.023829 0.016060
 0.000331 0.008100 0.991237 0.000331
 0.110436 0.000236 0.000236 0.889092
 0.055383 0.904727 0.023830 0.016060
 0.983468 0.015965 0.000236 0.000331
 0.912687 0.000236 0.039558 0.047519
 0.928415 0.000236 0.071018 0.000331
 0.975603 0.000236 0.008100 0.016060
 0.928416 0.023829 0.031694 0.016060
 0.881229 0.015965 0.055288 0.047519
 0.000331 0.338429 0.015965 0.645275
 0.983468 0.000236 0.000236 0.016061
 0.952010 0.015965 0.031694 0.000331
 0.016061 0.912591 0.023829 0.047519

MOTIF 50-TCTCACTTTAAATCAAAAG STREME-50
letter-probability matrix: alength= 4 w= 19 nsites= 79 P= 9.7e-004
 0.000647 0.000460 0.000460 0.998432
 0.000647 0.967546 0.000460 0.031346
 0.000647 0.000460 0.000460 0.998432
 0.000647 0.906147 0.015810 0.077396
 0.983083 0.015810 0.000460 0.000647
 0.000647 0.906148 0.031160 0.062046
 0.046696 0.000460 0.000460 0.952383
 0.000647 0.000460 0.000460 0.998432
 0.000647 0.015810 0.015810 0.967733
 0.921683 0.077209 0.000460 0.000647
 0.967733 0.031160 0.000460 0.000647
 0.722135 0.061859 0.215358 0.000647
 0.000647 0.015810 0.015810 0.967733
 0.062046 0.906148 0.015810 0.015997
 0.952383 0.015810 0.015810 0.015997
 0.921683 0.046510 0.031160 0.000647
 0.952383 0.000460 0.031160 0.015997
 0.906334 0.015810 0.031160 0.046696
 0.000647 0.061859 0.906148 0.031346

MOTIF 51-AAAATGCTCAACATCA STREME-51
letter-probability matrix: alength= 4 w= 16 nsites= 261 P= 1.2e-003
 0.937483 0.000124 0.062219 0.000174
 0.987158 0.000124 0.012543 0.000174
 0.738780 0.008403 0.215386 0.037431
 0.920924 0.000124 0.074638 0.004314
 0.157482 0.012543 0.012543 0.817432
 0.029152 0.020822 0.900175 0.049851
 0.006032 0.799103 0.020822 0.174043
 0.020873 0.049800 0.000124 0.929204
 0.012593 0.925014 0.020822 0.041571
 0.896086 0.049801 0.041520 0.012593
 0.786736 0.016683 0.134311 0.062270
 0.029152 0.792545 0.004264 0.174040
 0.941623 0.020822 0.033241 0.004314
 0.000174 0.016683 0.000124 0.983019
 0.016733 0.929153 0.000124 0.053990
 0.945762 0.020822 0.029102 0.004314

MOTIF 52-CAGGAGRATYGCTTGARC STREME-52
letter-probability matrix: alength= 4 w= 18 nsites= 160 P= 1.9e-003
 0.012832 0.678823 0.025322 0.283023
 0.748018 0.000188 0.238962 0.012832
 0.050533 0.037889 0.873612 0.037966
 0.075667 0.000188 0.917596 0.006548
 0.974224 0.000188 0.000188 0.025399
 0.006548 0.000188 0.992998 0.000265
 0.572080 0.012755 0.414900 0.000265
 0.974224 0.012755 0.012755 0.000265
 0.006548 0.025323 0.000188 0.967941
 0.006548 0.609702 0.056740 0.327010
 0.289308 0.037889 0.659971 0.012832
 0.006548 0.942731 0.000188 0.050533
 0.025399 0.031606 0.019039 0.923956
 0.012832 0.006472 0.012755 0.967941
 0.056816 0.031606 0.892463 0.019115
 0.961657 0.006472 0.025322 0.006548
 0.590930 0.012755 0.383483 0.012832
 0.025399 0.848478 0.075591 0.050533

MOTIF 53-ATTAGTCA STREME-53
letter-probability matrix: alength= 4 w= 8 nsites= 154 P= 2.0e-003
 0.935645 0.018900 0.018900 0.026555
 0.026555 0.018900 0.018900 0.935645
 0.026555 0.018900 0.018900 0.935645
 0.935645 0.018900 0.018900 0.026555
 0.026555 0.018900 0.927991 0.026555
 0.026555 0.018900 0.018900 0.935645
 0.026555 0.927991 0.018900 0.026555
 0.935645 0.018900 0.018900 0.026555

MOTIF 54-CTCACCAC STREME-54
letter-probability matrix: alength= 4 w= 8 nsites= 1141 P= 2.2e-003
 0.169239 0.829227 0.000638 0.000896
 0.000896 0.000638 0.010506 0.987960
 0.152140 0.582180 0.000638 0.265042
 0.979568 0.000638 0.018898 0.000896
 0.000896 0.997570 0.000638 0.000896
 0.000896 0.996744 0.001464 0.000896
 0.950794 0.000638 0.047672 0.000896
 0.000896 0.997570 0.000638 0.000896

MOTIF 55-GCAGCAGCR STREME-55
letter-probability matrix: alength= 4 w= 9 nsites= 2502 P= 2.3e-003
 0.000252 0.000179 0.999317 0.000252
 0.046536 0.953032 0.000179 0.000252
 0.705444 0.016107 0.208267 0.070182
 0.183388 0.000179 0.816181 0.000252
 0.000252 0.902548 0.000179 0.097021
 0.579872 0.274953 0.066824 0.078351
 0.018574 0.000179 0.980994 0.000252
 0.000252 0.999317 0.000179 0.000252
 0.456393 0.206625 0.336730 0.000252

MOTIF 56-AAATCTCATCTTGAATT STREME-56
letter-probability matrix: alength= 4 w= 17 nsites= 65 P= 3.9e-003
 0.977109 0.000623 0.021392 0.000875
 0.956340 0.021392 0.021392 0.000875
 0.956340 0.000623 0.021392 0.021645
 0.000875 0.083701 0.000623 0.914801
 0.000875 0.956088 0.021392 0.021645
 0.000875 0.000623 0.000623 0.997879
 0.000875 0.997627 0.000623 0.000875
 0.977109 0.000623 0.021392 0.000875
 0.063184 0.146010 0.021392 0.769414
 0.000875 0.893779 0.104471 0.000875
 0.000875 0.000623 0.000623 0.997879
 0.000875 0.000623 0.000623 0.997879
 0.021645 0.021392 0.956088 0.000875
 0.977109 0.000623 0.000623 0.021645
 0.956340 0.000623 0.042162 0.000875
 0.063184 0.083702 0.021392 0.831722
 0.000875 0.021392 0.021392 0.956340

MOTIF 57-AGCCAAGTTGTGAATGC STREME-57
letter-probability matrix: alength= 4 w= 17 nsites= 59 P= 3.9e-003
 0.957226 0.000610 0.041306 0.000857
 0.021205 0.061654 0.916283 0.000857
 0.000857 0.895935 0.020958 0.082249
 0.000857 0.936631 0.000610 0.061901
 0.936878 0.020958 0.041306 0.000857
 0.977574 0.020958 0.000610 0.000857
 0.061902 0.041306 0.875586 0.021205
 0.000857 0.122698 0.000610 0.875834
 0.041553 0.000610 0.000610 0.957226
 0.102597 0.000610 0.875587 0.021205
 0.041553 0.020958 0.020958 0.916530
 0.143294 0.000610 0.855238 0.000857
 0.997922 0.000610 0.000610 0.000857
 0.855487 0.000610 0.102350 0.041553
 0.021205 0.061655 0.000610 0.916529
 0.000857 0.000610 0.997675 0.000857
 0.000857 0.956979 0.000610 0.041553

MOTIF 58-ACTCATTYTATGAGGCCAG STREME-58
letter-probability matrix: alength= 4 w= 19 nsites= 53 P= 3.9e-003
 0.943407 0.000807 0.054651 0.001135
 0.054978 0.862315 0.000807 0.081900
 0.001135 0.000807 0.000807 0.997251
 0.001135 0.943080 0.027729 0.028056
 0.997251 0.000807 0.000807 0.001135
 0.001135 0.000807 0.000807 0.997251
 0.001135 0.000807 0.000807 0.997251
 0.001135 0.539243 0.000807 0.458815
 0.001135 0.000807 0.000807 0.997251
 0.889564 0.027729 0.054651 0.028056
 0.054978 0.081573 0.000807 0.862641
 0.108822 0.000807 0.889236 0.001135
 0.997251 0.000807 0.000807 0.001135
 0.216509 0.027729 0.754628 0.001135
 0.108822 0.000807 0.889236 0.001135
 0.001135 0.970002 0.000807 0.028056
 0.028056 0.862315 0.027729 0.081900
 0.916485 0.054651 0.027729 0.001135
 0.081900 0.027729 0.889236 0.001135

MOTIF 59-AAACAAACAAAAA STREME-59
letter-probability matrix: alength= 4 w= 13 nsites= 79 P= 3.9e-003
 0.967177 0.000599 0.000599 0.031624
 0.994110 0.000599 0.000599 0.004691
 0.997959 0.000599 0.000599 0.000842
 0.000842 0.997717 0.000599 0.000842
 0.957998 0.000599 0.040561 0.000842
 0.997959 0.000599 0.000599 0.000842
 0.997959 0.000599 0.000599 0.000842
 0.000842 0.997717 0.000599 0.000842
 0.918036 0.000599 0.020580 0.060785
 0.987159 0.000599 0.000599 0.011643
 0.918037 0.040561 0.020580 0.020823
 0.795005 0.183573 0.000599 0.020823
 0.858086 0.140473 0.000599 0.000842

MOTIF 60-AATGGATAAACAA STREME-60
letter-probability matrix: alength= 4 w= 13 nsites= 42 P= 3.9e-003
 0.997669 0.000685 0.000685 0.000962
 0.965367 0.023512 0.010159 0.000962
 0.023790 0.000685 0.010159 0.965367
 0.000962 0.023512 0.965089 0.010436
 0.000962 0.000685 0.906078 0.092275
 0.929185 0.000685 0.023512 0.046618
 0.000962 0.069169 0.000685 0.929184
 0.906357 0.000685 0.023512 0.069446
 0.965367 0.010159 0.023512 0.000962
 0.974841 0.000685 0.000685 0.023790
 0.000962 0.906078 0.000685 0.092275
 0.952013 0.023512 0.000685 0.023790
 0.929185 0.000685 0.046340 0.023790

MOTIF 61-AWATGCAAAT STREME-61
letter-probability matrix: alength= 4 w= 10 nsites= 1924 P= 4.0e-003
 0.808625 0.034686 0.050797 0.105891
 0.586455 0.061636 0.039626 0.312283
 0.998528 0.001207 0.000110 0.000154
 0.000154 0.059292 0.187267 0.753287
 0.035500 0.000110 0.964236 0.000154
 0.000154 0.834725 0.164966 0.000154
 0.866504 0.000110 0.002033 0.131353
 0.980538 0.000110 0.019198 0.000154
 0.911322 0.000110 0.088414 0.000154
 0.000154 0.037931 0.036133 0.925782

MOTIF 62-MTGASSTCAK STREME-62
letter-probability matrix: alength= 4 w= 10 nsites= 2980 P= 4.9e-003
 0.517163 0.311890 0.133136 0.037811
 0.000072 0.259305 0.000051 0.740572
 0.018271 0.000051 0.884060 0.097618
 0.853821 0.040070 0.000051 0.106057
 0.000072 0.465050 0.321503 0.213375
 0.213375 0.321503 0.465050 0.000072
 0.106057 0.000051 0.040070 0.853821
 0.097618 0.884060 0.000051 0.018271
 0.740572 0.000051 0.259305 0.000072
 0.037811 0.133136 0.311890 0.517163

MOTIF 63-TAGAGAYRGGGTTTCA STREME-63
letter-probability matrix: alength= 4 w= 16 nsites= 159 P= 5.8e-003
 0.013878 0.040979 0.013795 0.931348
 0.768248 0.013795 0.047775 0.170182
 0.027470 0.000204 0.972040 0.000286
 0.992510 0.000204 0.000204 0.007082
 0.013878 0.027387 0.958449 0.000286
 0.965327 0.000204 0.020591 0.013878
 0.000286 0.462329 0.000204 0.537181
 0.333286 0.000204 0.652632 0.013878
 0.129408 0.000204 0.870102 0.000286
 0.122611 0.000204 0.870103 0.007082
 0.034266 0.007000 0.958448 0.000286
 0.000286 0.007000 0.000204 0.992510
 0.000286 0.204079 0.027387 0.768247
 0.000286 0.000204 0.047775 0.951735
 0.000286 0.795348 0.027387 0.176979
 0.605147 0.095345 0.204080 0.095428

MOTIF 64-CACATGAAAAGATGC STREME-64
letter-probability matrix: alength= 4 w= 15 nsites= 103 P= 5.8e-003
 0.022884 0.758749 0.045159 0.173209
 0.998856 0.000336 0.000336 0.000472
 0.000472 0.766996 0.045159 0.187373
 0.924023 0.000336 0.075169 0.000472
 0.000472 0.011542 0.000336 0.987650
 0.078913 0.045159 0.875456 0.000472
 0.987650 0.011542 0.000336 0.000472
 0.965239 0.033953 0.000336 0.000472
 0.954033 0.022747 0.000336 0.022884
 0.931621 0.000336 0.067570 0.000472
 0.218044 0.000336 0.781148 0.000472
 0.920416 0.000336 0.078776 0.000472
 0.000472 0.056365 0.000336 0.942827
 0.045295 0.000336 0.886662 0.067707
 0.000472 0.774603 0.045159 0.179765

MOTIF 65-AGTGGAATTGC STREME-65
letter-probability matrix: alength= 4 w= 11 nsites= 183 P= 7.2e-003
 0.996972 0.002287 0.000308 0.000433
 0.180406 0.000308 0.788039 0.031247
 0.017669 0.000308 0.119689 0.862334
 0.213900 0.000308 0.785359 0.000433
 0.000433 0.015313 0.983821 0.000433
 0.706089 0.010579 0.282899 0.000433
 0.912971 0.000308 0.086288 0.000433
 0.000433 0.000308 0.000308 0.998951
 0.000433 0.000308 0.000308 0.998951
 0.041519 0.000308 0.957740 0.000433
 0.000433 0.998826 0.000308 0.000433

MOTIF 66-AAAGCTAGGCCTC STREME-66
letter-probability matrix: alength= 4 w= 13 nsites= 80 P= 7.8e-003
 0.984381 0.000425 0.014596 0.000597
 0.984381 0.000425 0.014596 0.000597
 0.899353 0.042939 0.057111 0.000597
 0.014768 0.014596 0.955867 0.014768
 0.043112 0.955866 0.000425 0.000597
 0.000597 0.042940 0.000425 0.956038
 0.950156 0.000425 0.034650 0.014768
 0.113969 0.000425 0.870837 0.014768
 0.028940 0.000425 0.970038 0.000597
 0.000597 0.955866 0.000425 0.043112
 0.000597 0.885008 0.014596 0.099799
 0.043111 0.000425 0.028768 0.927696
 0.014768 0.913351 0.071283 0.000597

MOTIF 67-AAATGTCCATCAACWG STREME-67
letter-probability matrix: alength= 4 w= 16 nsites= 99 P= 7.8e-003
 0.998879 0.000329 0.000329 0.000462
 0.900135 0.022272 0.055187 0.022405
 0.790418 0.022272 0.186847 0.000462
 0.000462 0.011301 0.000329 0.987908
 0.121150 0.000329 0.878059 0.000462
 0.000462 0.142959 0.000329 0.856249
 0.000462 0.889031 0.000329 0.110178
 0.011434 0.845144 0.000329 0.143093
 0.933050 0.000329 0.000329 0.066292
 0.000462 0.110045 0.033244 0.856249
 0.022405 0.878059 0.000329 0.099206
 0.998879 0.000329 0.000329 0.000462
 0.757504 0.011301 0.197818 0.033377
 0.022405 0.713485 0.044215 0.219895
 0.560015 0.011301 0.077130 0.351554
 0.044349 0.000329 0.910974 0.044349

MOTIF 68-ACCCATTAAACAAYW STREME-68
letter-probability matrix: alength= 4 w= 15 nsites= 63 P= 7.8e-003
 0.961880 0.000544 0.036812 0.000764
 0.018898 0.907257 0.000544 0.073301
 0.000764 0.834720 0.000544 0.163972
 0.000764 0.889123 0.018678 0.091435
 0.907478 0.018678 0.054946 0.018898
 0.000764 0.018678 0.000544 0.980014
 0.000764 0.000544 0.036812 0.961880
 0.907478 0.000544 0.000544 0.091435
 0.961880 0.018678 0.018678 0.000764
 0.744271 0.036812 0.181885 0.037032
 0.000764 0.997928 0.000544 0.000764
 0.998148 0.000544 0.000544 0.000764
 0.816807 0.127482 0.054946 0.000764
 0.000764 0.453900 0.073081 0.472255
 0.635462 0.000544 0.000544 0.363450

MOTIF 69-CTGCTATGAACAT STREME-69
letter-probability matrix: alength= 4 w= 13 nsites= 171 P= 8.4e-003
 0.045533 0.882267 0.000226 0.071973
 0.007853 0.000226 0.015298 0.976623
 0.038699 0.000226 0.942557 0.018517
 0.000318 0.946387 0.052978 0.000318
 0.153193 0.000226 0.000226 0.846355
 0.853891 0.025962 0.119830 0.000318
 0.000318 0.083122 0.007762 0.908799
 0.164832 0.015298 0.819553 0.000318
 0.954015 0.015298 0.022834 0.007853
 0.976623 0.000226 0.022834 0.000318
 0.022926 0.777466 0.045442 0.154167
 0.965959 0.007762 0.015298 0.010981
 0.007853 0.041034 0.000226 0.950887

MOTIF 70-TTTTAAAA STREME-70
letter-probability matrix: alength= 4 w= 8 nsites= 1227 P= 1.0e-002
 0.026555 0.018900 0.018900 0.935645
 0.026555 0.018900 0.018900 0.935645
 0.026555 0.018900 0.018900 0.935645
 0.026555 0.018900 0.018900 0.935645
 0.935645 0.018900 0.018900 0.026555
 0.935645 0.018900 0.018900 0.026555
 0.935645 0.018900 0.018900 0.026555
 0.935645 0.018900 0.018900 0.026555

MOTIF 71-ATGTGTCA STREME-71
letter-probability matrix: alength= 4 w= 8 nsites= 775 P= 1.1e-002
 0.935645 0.018900 0.018900 0.026555
 0.026555 0.018900 0.018900 0.935645
 0.026555 0.018900 0.927991 0.026555
 0.026555 0.018900 0.018900 0.935645
 0.026555 0.018900 0.927991 0.026555
 0.026555 0.018900 0.018900 0.935645
 0.026555 0.927991 0.018900 0.026555
 0.935645 0.018900 0.018900 0.026555

MOTIF 72-TCCTTTGCCCAYTTTTTA STREME-72
letter-probability matrix: alength= 4 w= 18 nsites= 138 P= 1.1e-002
 0.015338 0.000225 0.000225 0.984212
 0.037869 0.788846 0.000225 0.173060
 0.007827 0.743784 0.007736 0.240653
 0.000317 0.015246 0.000225 0.984212
 0.000317 0.007736 0.000225 0.991722
 0.052890 0.022757 0.052799 0.871554
 0.082932 0.037778 0.878973 0.000317
 0.000317 0.893994 0.037778 0.067911
 0.015338 0.916526 0.000225 0.067911
 0.022848 0.856442 0.022757 0.097953
 0.939149 0.015246 0.022757 0.022848
 0.007827 0.586063 0.022757 0.383354
 0.037869 0.037778 0.015246 0.909107
 0.030359 0.015246 0.015246 0.939149
 0.007827 0.015246 0.030267 0.946659
 0.000317 0.030267 0.007736 0.961680
 0.150527 0.045288 0.045288 0.758896
 0.766406 0.067820 0.120394 0.045380

MOTIF 73-GGCTGGGGAGGCCTCA STREME-73
letter-probability matrix: alength= 4 w= 16 nsites= 110 P= 1.1e-002
 0.000425 0.010388 0.988762 0.000425
 0.141618 0.010388 0.847569 0.000425
 0.000425 0.958507 0.010388 0.030681
 0.010510 0.020473 0.010388 0.958629
 0.050851 0.020473 0.918166 0.010510
 0.060936 0.000302 0.918166 0.020595
 0.131532 0.000302 0.867740 0.000425
 0.010510 0.000302 0.978677 0.010510
 0.998970 0.000302 0.000302 0.000425
 0.101277 0.000302 0.877825 0.020595
 0.040766 0.000302 0.958507 0.000425
 0.010510 0.928251 0.010388 0.050851
 0.020595 0.948422 0.010388 0.020595
 0.030680 0.040644 0.000302 0.928373
 0.010510 0.948422 0.020473 0.020595
 0.978800 0.010388 0.010388 0.000425

MOTIF 74-GAAACCRA STREME-74
letter-probability matrix: alength= 4 w= 8 nsites= 3672 P= 1.3e-002
 0.041773 0.026142 0.931713 0.000371
 0.836230 0.000783 0.041249 0.121739
 0.957725 0.035434 0.000264 0.006577
 0.899399 0.013798 0.086432 0.000371
 0.013774 0.952548 0.003986 0.029693
 0.091057 0.724575 0.000264 0.184104
 0.358892 0.051748 0.588989 0.000371
 0.939777 0.021297 0.000264 0.038662

MOTIF 75-CCGAGGCC STREME-75
letter-probability matrix: alength= 4 w= 8 nsites= 1565 P= 1.5e-002
 0.069400 0.911394 0.012308 0.006898
 0.044187 0.849161 0.072911 0.033742
 0.064462 0.128552 0.790826 0.016160
 0.934768 0.014168 0.040563 0.010501
 0.046963 0.125254 0.810133 0.017650
 0.025238 0.007854 0.940783 0.026125
 0.006972 0.919647 0.041454 0.031928
 0.073326 0.808563 0.043583 0.074528

MOTIF 76-CTGGCTTATTTCACT STREME-76
letter-probability matrix: alength= 4 w= 15 nsites= 153 P= 1.6e-002
 0.014273 0.877480 0.014188 0.094058
 0.028252 0.014188 0.035157 0.922403
 0.070188 0.010100 0.919417 0.000295
 0.056210 0.014188 0.908339 0.021263
 0.000295 0.877480 0.000210 0.122016
 0.021263 0.000210 0.014188 0.964339
 0.035241 0.035157 0.014188 0.915414
 0.649163 0.209894 0.084082 0.056861
 0.007284 0.000210 0.021178 0.971329
 0.007284 0.021178 0.007199 0.964339
 0.000295 0.007199 0.007199 0.985307
 0.014273 0.894360 0.000210 0.091157
 0.978318 0.000210 0.021178 0.000295
 0.007284 0.754572 0.021178 0.216966
 0.014273 0.007199 0.014188 0.964339

MOTIF 77-AGATCTGATGGTTTTATAA STREME-77
letter-probability matrix: alength= 4 w= 19 nsites= 117 P= 1.6e-002
 0.971838 0.000272 0.027508 0.000383
 0.009461 0.000272 0.989884 0.000383
 0.980916 0.000272 0.000272 0.018539
 0.000383 0.054742 0.063821 0.881054
 0.018539 0.853709 0.036586 0.091166
 0.045774 0.000272 0.000272 0.953681
 0.073010 0.000272 0.908179 0.018539
 0.871976 0.027507 0.063821 0.036696
 0.018539 0.027507 0.000272 0.953681
 0.027618 0.000272 0.899100 0.073010
 0.036696 0.000272 0.908179 0.054853
 0.000383 0.036586 0.027507 0.935524
 0.000383 0.054742 0.000272 0.944603
 0.018539 0.027507 0.027508 0.926446
 0.045774 0.072899 0.027507 0.853819
 0.853819 0.018429 0.091056 0.036696
 0.163793 0.081978 0.036586 0.717643
 0.862897 0.036586 0.027507 0.073009
 0.835662 0.027507 0.118291 0.018539

MOTIF 78-GCCTGGGCRACA STREME-78
letter-probability matrix: alength= 4 w= 12 nsites= 90 P= 1.6e-002
 0.000558 0.000397 0.985236 0.013809
 0.000558 0.918983 0.000397 0.080061
 0.000558 0.985236 0.013648 0.000558
 0.000558 0.000397 0.013648 0.985397
 0.013809 0.000397 0.932234 0.053560
 0.086376 0.000397 0.880668 0.032559
 0.000558 0.093154 0.865978 0.040309
 0.000558 0.794044 0.000397 0.205000
 0.608699 0.000397 0.390345 0.000558
 0.985397 0.000397 0.000397 0.013809
 0.000558 0.998486 0.000397 0.000558
 0.926896 0.000397 0.072149 0.000558

MOTIF 79-ATGATTGTAAGTTTCC STREME-79
letter-probability matrix: alength= 4 w= 16 nsites= 61 P= 1.6e-002
 0.961177 0.000554 0.037490 0.000778
 0.000778 0.055959 0.000554 0.942709
 0.111588 0.000554 0.868611 0.019247
 0.961177 0.000554 0.037491 0.000778
 0.019247 0.111364 0.037490 0.831899
 0.019247 0.019022 0.019022 0.942709
 0.056183 0.037491 0.850143 0.056183
 0.000778 0.037490 0.000554 0.961177
 0.942709 0.000554 0.037491 0.019247
 0.942709 0.019022 0.019022 0.019247
 0.056183 0.037490 0.905548 0.000778
 0.000778 0.000554 0.000554 0.998114
 0.000778 0.055959 0.000554 0.942709
 0.000778 0.000554 0.000554 0.998114
 0.019247 0.942485 0.000554 0.037715
 0.019247 0.942485 0.000554 0.037715

MOTIF 80-CCACTGCACTCCAGCCTGG STREME-80
letter-probability matrix: alength= 4 w= 19 nsites= 55 P= 1.6e-002
 0.043317 0.849097 0.043059 0.064528
 0.000894 0.976365 0.021848 0.000894
 0.976622 0.000636 0.021848 0.000894
 0.022105 0.785462 0.000636 0.191796
 0.043317 0.021848 0.021848 0.912988
 0.064528 0.000636 0.933942 0.000894
 0.022105 0.849097 0.000636 0.128162
 0.934200 0.043059 0.021848 0.000894
 0.000894 0.891519 0.000636 0.106951
 0.022105 0.085482 0.021848 0.870566
 0.022105 0.891519 0.043059 0.043317
 0.000894 0.955153 0.000636 0.043317
 0.934200 0.000636 0.000636 0.064528
 0.000894 0.021848 0.933942 0.043317
 0.000894 0.912731 0.021848 0.064528
 0.043317 0.891519 0.043059 0.022105
 0.043317 0.064270 0.043059 0.849354
 0.064528 0.021848 0.870308 0.043317
 0.085739 0.000636 0.849097 0.064528

MOTIF 81-AATTAGGCCAATTAATAAC STREME-81
letter-probability matrix: alength= 4 w= 19 nsites= 46 P= 1.6e-002
 0.971845 0.000766 0.000766 0.026623
 0.920753 0.000766 0.026312 0.052169
 0.026623 0.000766 0.000766 0.971845
 0.026623 0.077405 0.026312 0.869660
 0.997391 0.000766 0.000766 0.001077
 0.001077 0.026312 0.945988 0.026623
 0.077715 0.026312 0.869350 0.026623
 0.001077 0.945988 0.000766 0.052169
 0.001077 0.920442 0.026312 0.052169
 0.971845 0.000766 0.026312 0.001077
 0.767475 0.051858 0.128497 0.052169
 0.026623 0.077405 0.000766 0.895207
 0.026623 0.051858 0.000766 0.920753
 0.946299 0.026312 0.000766 0.026623
 0.997391 0.000766 0.000766 0.001077
 0.001077 0.026312 0.000766 0.971845
 0.971845 0.000766 0.000766 0.026623
 0.971845 0.000766 0.026312 0.001077
 0.026623 0.767164 0.026312 0.179901

MOTIF 82-GCAAGAGAAAGAAATAAAR STREME-82
letter-probability matrix: alength= 4 w= 19 nsites= 63 P= 1.6e-002
 0.218374 0.036812 0.744050 0.000764
 0.037032 0.943526 0.000544 0.018898
 0.961880 0.000544 0.000544 0.037032
 0.943746 0.018678 0.018678 0.018898
 0.091434 0.054946 0.852855 0.000764
 0.925612 0.018678 0.000544 0.055166
 0.145837 0.000544 0.834721 0.018898
 0.980014 0.018678 0.000544 0.000764
 0.889344 0.036812 0.036812 0.037032
 0.980014 0.000544 0.000544 0.018898
 0.127703 0.054946 0.780319 0.037032
 0.980014 0.018678 0.000544 0.000764
 0.925612 0.054946 0.018678 0.000764
 0.980014 0.000544 0.018678 0.000764
 0.073300 0.054946 0.073080 0.798673
 0.889344 0.036812 0.036812 0.037032
 0.961880 0.018678 0.018678 0.000764
 0.961880 0.018678 0.000544 0.018898
 0.417848 0.054946 0.508308 0.018898

MOTIF 83-CTGCCCACA STREME-83
letter-probability matrix: alength= 4 w= 9 nsites= 778 P= 1.7e-002
 0.000609 0.998349 0.000433 0.000609
 0.000609 0.090195 0.124138 0.785057
 0.331423 0.000433 0.667534 0.000609
 0.000609 0.998349 0.000433 0.000609
 0.000609 0.998349 0.000433 0.000609
 0.000609 0.894932 0.000433 0.104026
 0.998524 0.000433 0.000433 0.000609
 0.000609 0.998349 0.000433 0.000609
 0.674404 0.000433 0.324554 0.000609

MOTIF 84-CATTCTGAGAA STREME-84
letter-probability matrix: alength= 4 w= 11 nsites= 108 P= 1.8e-002
 0.000859 0.997670 0.000612 0.000859
 0.948666 0.000612 0.049863 0.000859
 0.000859 0.000612 0.000612 0.997917
 0.000859 0.000612 0.000612 0.997917
 0.000859 0.997670 0.000612 0.000859
 0.000859 0.021005 0.041398 0.936738
 0.167281 0.000612 0.783238 0.048869
 0.977524 0.021005 0.000612 0.000859
 0.000859 0.000612 0.989053 0.009476
 0.732311 0.000612 0.000612 0.266466
 0.997917 0.000612 0.000612 0.000859

MOTIF 85-ATTAGCAA STREME-85
letter-probability matrix: alength= 4 w= 8 nsites= 3841 P= 1.8e-002
 0.788683 0.115470 0.037856 0.057991
 0.090186 0.000174 0.094910 0.814730
 0.042581 0.028535 0.296711 0.632173
 0.999407 0.000174 0.000174 0.000245
 0.000245 0.047565 0.951945 0.000245
 0.000245 0.946816 0.000174 0.052765
 0.959643 0.039938 0.000174 0.000245
 0.999407 0.000174 0.000174 0.000245

MOTIF 86-TCCCYRGGGA STREME-86
letter-probability matrix: alength= 4 w= 10 nsites= 1745 P= 1.9e-002
 0.063998 0.095097 0.091749 0.749155
 0.000111 0.986713 0.013064 0.000111
 0.001921 0.838868 0.016975 0.142237
 0.000111 0.995204 0.001959 0.002726
 0.170906 0.366087 0.059380 0.403627
 0.403627 0.059380 0.366087 0.170906
 0.002726 0.001959 0.995204 0.000111
 0.142237 0.016975 0.838868 0.001921
 0.000111 0.013064 0.986713 0.000111
 0.749155 0.091749 0.095097 0.063998

MOTIF 87-ATTTGACTACTCTAGRTAC STREME-87
letter-probability matrix: alength= 4 w= 19 nsites= 183 P= 1.9e-002
 0.705227 0.011269 0.200005 0.083500
 0.016887 0.039024 0.016820 0.927269
 0.011336 0.055677 0.027922 0.905065
 0.000234 0.005718 0.005718 0.988331
 0.039091 0.000166 0.949406 0.011336
 0.916167 0.066779 0.011269 0.005785
 0.005785 0.943855 0.016820 0.033540
 0.011336 0.039024 0.000166 0.949473
 0.832901 0.044575 0.088983 0.033540
 0.011336 0.710711 0.011269 0.266685
 0.033540 0.022371 0.011269 0.932820
 0.016887 0.677403 0.022371 0.283339
 0.011336 0.088984 0.005718 0.893963
 0.893963 0.011269 0.077881 0.016887
 0.188970 0.033473 0.755119 0.022438
 0.499831 0.022371 0.472013 0.005785
 0.111255 0.016820 0.072331 0.799595
 0.860657 0.044575 0.027922 0.066847
 0.027989 0.799528 0.033473 0.139010

MOTIF 88-CTTTCACTTGAACACTTAG STREME-88
letter-probability matrix: alength= 4 w= 19 nsites= 61 P= 1.9e-002
 0.039929 0.939109 0.000586 0.020376
 0.000824 0.020139 0.000586 0.978451
 0.039929 0.000586 0.000586 0.958899
 0.000824 0.000586 0.000586 0.998003
 0.000824 0.958661 0.000586 0.039929
 0.958899 0.020139 0.020139 0.000824
 0.020376 0.880451 0.020139 0.079034
 0.039929 0.020139 0.000586 0.939346
 0.039929 0.000586 0.020139 0.939346
 0.118138 0.000586 0.880452 0.000824
 0.900242 0.039691 0.039691 0.020376
 0.958898 0.000586 0.039691 0.000824
 0.020376 0.880452 0.000586 0.098585
 0.861137 0.000586 0.098348 0.039929
 0.020376 0.900004 0.000586 0.079033
 0.098586 0.059243 0.020139 0.822032
 0.098585 0.117900 0.020139 0.763376
 0.919794 0.020139 0.059243 0.000824
 0.098585 0.117901 0.743585 0.039929

MOTIF 89-TAAATAAATAA STREME-89
letter-probability matrix: alength= 4 w= 11 nsites= 79 P= 1.9e-002
 0.026555 0.018900 0.018900 0.935645
 0.935645 0.018900 0.018900 0.026555
 0.935645 0.018900 0.018900 0.026555
 0.935645 0.018900 0.018900 0.026555
 0.026555 0.018900 0.018900 0.935645
 0.935645 0.018900 0.018900 0.026555
 0.935645 0.018900 0.018900 0.026555
 0.935645 0.018900 0.018900 0.026555
 0.026555 0.018900 0.018900 0.935645
 0.935645 0.018900 0.018900 0.026555
 0.935645 0.018900 0.018900 0.026555

MOTIF 90-GATGATTCAA STREME-90
letter-probability matrix: alength= 4 w= 10 nsites= 902 P= 2.6e-002
 0.032139 0.114471 0.823972 0.029419
 0.872933 0.053392 0.067249 0.006426
 0.002231 0.000233 0.003896 0.993640
 0.003246 0.001510 0.988357 0.006886
 0.963573 0.001902 0.004979 0.029546
 0.016322 0.008009 0.019011 0.956658
 0.026134 0.001839 0.100161 0.871866
 0.088106 0.816514 0.026778 0.068602
 0.984521 0.001348 0.000233 0.013898
 0.800484 0.033006 0.039683 0.126827

MOTIF 91-GGGATTACA STREME-91
letter-probability matrix: alength= 4 w= 9 nsites= 86 P= 2.9e-002
 0.026555 0.018900 0.927991 0.026555
 0.026555 0.018900 0.927991 0.026555
 0.026555 0.018900 0.927991 0.026555
 0.935645 0.018900 0.018900 0.026555
 0.026555 0.018900 0.018900 0.935645
 0.026555 0.018900 0.018900 0.935645
 0.935645 0.018900 0.018900 0.026555
 0.026555 0.927991 0.018900 0.026555
 0.935645 0.018900 0.018900 0.026555

MOTIF 92-GACCTTGGGC STREME-92
letter-probability matrix: alength= 4 w= 10 nsites= 275 P= 2.9e-002
 0.000487 0.000347 0.998679 0.000487
 0.767106 0.055013 0.071094 0.106787
 0.045608 0.893066 0.032198 0.029128
 0.000487 0.998679 0.000347 0.000487
 0.000487 0.058587 0.029723 0.911203
 0.000487 0.000347 0.000347 0.998819
 0.045608 0.000876 0.953028 0.000487
 0.074074 0.023472 0.901968 0.000487
 0.072559 0.000347 0.896665 0.030430
 0.000487 0.937863 0.000347 0.061303

MOTIF 93-ATGAACAGACACTTC STREME-93
letter-probability matrix: alength= 4 w= 15 nsites= 88 P= 3.1e-002
 0.964951 0.000500 0.000500 0.034049
 0.017376 0.083866 0.033847 0.864911
 0.074317 0.050520 0.841114 0.034049
 0.998297 0.000500 0.000500 0.000703
 0.964951 0.000500 0.033847 0.000703
 0.017376 0.814685 0.000500 0.167439
 0.998297 0.000500 0.000500 0.000703
 0.034049 0.017173 0.941155 0.007622
 0.981624 0.000500 0.017173 0.000703
 0.000703 0.981422 0.017173 0.000703
 0.998297 0.000500 0.000500 0.000703
 0.100746 0.864705 0.033847 0.000703
 0.000703 0.017173 0.033846 0.948278
 0.024296 0.000500 0.033846 0.941358
 0.000703 0.881381 0.017173 0.100744

MOTIF 94-ATTGCTGATATGGAGAAAG STREME-94
letter-probability matrix: alength= 4 w= 19 nsites= 55 P= 3.1e-002
 0.941629 0.019381 0.019381 0.019609
 0.000793 0.057013 0.000564 0.941629
 0.000793 0.057013 0.057013 0.885180
 0.207773 0.000564 0.753237 0.038426
 0.000793 0.809686 0.000564 0.188956
 0.076058 0.000564 0.019381 0.903997
 0.019609 0.038197 0.941401 0.000793
 0.960446 0.000564 0.019381 0.019609
 0.038426 0.057013 0.057013 0.847548
 0.847548 0.019381 0.038197 0.094874
 0.038426 0.075830 0.075830 0.809915
 0.038426 0.019381 0.941401 0.000793
 0.094874 0.000564 0.772054 0.132507
 0.979262 0.000564 0.019381 0.000793
 0.057242 0.019381 0.922585 0.000793
 0.979262 0.000564 0.000564 0.019609
 0.941629 0.019381 0.038197 0.000793
 0.903997 0.000564 0.057013 0.038426
 0.151324 0.057013 0.772054 0.019609

MOTIF 95-ACAGCCAAACCATATCA STREME-95
letter-probability matrix: alength= 4 w= 17 nsites= 58 P= 3.1e-002
 0.921334 0.000575 0.077283 0.000808
 0.000808 0.767684 0.173169 0.058339
 0.959688 0.000575 0.038929 0.000808
 0.019985 0.000575 0.844393 0.135047
 0.000808 0.882746 0.000575 0.115870
 0.000808 0.959455 0.038929 0.000808
 0.978865 0.019752 0.000575 0.000808
 0.959688 0.000575 0.038929 0.000808
 0.978865 0.000575 0.019752 0.000808
 0.039162 0.959454 0.000575 0.000808
 0.000808 0.901924 0.000575 0.096692
 0.940511 0.000575 0.058106 0.000808
 0.000808 0.000575 0.000575 0.998041
 0.940511 0.000575 0.038929 0.019985
 0.000808 0.000575 0.134814 0.863802
 0.077516 0.901924 0.019752 0.000808
 0.940511 0.000575 0.019752 0.039162

MOTIF 96-AACAGACTAATACAG STREME-96
letter-probability matrix: alength= 4 w= 15 nsites= 61 P= 3.1e-002
 0.990521 0.000550 0.008157 0.000772
 0.924814 0.000550 0.073863 0.000772
 0.019101 0.686321 0.037207 0.257371
 0.704872 0.000550 0.275478 0.019101
 0.129072 0.000550 0.869606 0.000772
 0.979800 0.018878 0.000550 0.000772
 0.000772 0.979577 0.018878 0.000772
 0.019101 0.018878 0.000550 0.961471
 0.943143 0.055535 0.000550 0.000772
 0.979800 0.018878 0.000550 0.000772
 0.000772 0.018878 0.092192 0.888157
 0.998128 0.000550 0.000550 0.000772
 0.000772 0.906263 0.000550 0.092415
 0.998128 0.000550 0.000550 0.000772
 0.165732 0.220494 0.466373 0.147401

MOTIF 97-AAAACCTGGCAGAGACAC STREME-97
letter-probability matrix: alength= 4 w= 18 nsites= 48 P= 3.1e-002
 0.950121 0.024439 0.024439 0.001000
 0.950121 0.000712 0.024439 0.024728
 0.973849 0.000712 0.024439 0.001000
 0.950121 0.000712 0.024439 0.024728
 0.001000 0.807467 0.000712 0.190822
 0.001000 0.902378 0.071895 0.024728
 0.143367 0.000712 0.024439 0.831482
 0.072183 0.000712 0.902377 0.024728
 0.190822 0.000712 0.807467 0.001000
 0.001000 0.926105 0.000712 0.072183
 0.926394 0.024439 0.024439 0.024728
 0.167094 0.024439 0.807467 0.001000
 0.926393 0.000712 0.071895 0.001000
 0.048455 0.095622 0.854922 0.001000
 0.902666 0.048167 0.024439 0.024728
 0.024728 0.878650 0.000712 0.095911
 0.950121 0.048167 0.000712 0.001000
 0.095911 0.807467 0.048167 0.048455

MOTIF 98-GCTGTGTGACT STREME-98
letter-probability matrix: alength= 4 w= 11 nsites= 164 P= 3.2e-002
 0.000625 0.000445 0.998306 0.000625
 0.074397 0.894039 0.000445 0.031119
 0.000625 0.000445 0.000445 0.998486
 0.029944 0.000445 0.915885 0.053726
 0.000625 0.030095 0.000445 0.968836
 0.150272 0.000445 0.746544 0.102739
 0.000625 0.030095 0.000445 0.968836
 0.015450 0.000445 0.977987 0.006119
 0.998486 0.000445 0.000445 0.000625
 0.000625 0.948167 0.000445 0.050764
 0.000625 0.223435 0.074571 0.701369

MOTIF 99-AGAAATGAAAACAWA STREME-99
letter-probability matrix: alength= 4 w= 15 nsites= 115 P= 3.3e-002
 0.983140 0.008261 0.008261 0.000338
 0.033966 0.000241 0.917331 0.048462
 0.983140 0.008261 0.008261 0.000338
 0.959078 0.000241 0.000241 0.040441
 0.822724 0.104510 0.064408 0.008359
 0.225679 0.016282 0.000241 0.757799
 0.027729 0.037762 0.934171 0.000338
 0.999181 0.000241 0.000241 0.000338
 0.999181 0.000241 0.000241 0.000338
 0.959078 0.008261 0.032323 0.000338
 0.999181 0.000241 0.000241 0.000338
 0.008359 0.731057 0.192752 0.067832
 0.782623 0.072426 0.032323 0.112628
 0.398987 0.080447 0.079085 0.441481
 0.894912 0.008261 0.048365 0.048462

MOTIF 100-CAGTGCCTGGCA STREME-100
letter-probability matrix: alength= 4 w= 12 nsites= 106 P= 3.3e-002
 0.000586 0.998410 0.000417 0.000586
 0.870688 0.028241 0.056066 0.045004
 0.000586 0.000417 0.998410 0.000586
 0.000586 0.000417 0.047116 0.951880
 0.058919 0.056067 0.842690 0.042323
 0.000586 0.998410 0.000417 0.000586
 0.000586 0.970586 0.000417 0.028411
 0.042323 0.014330 0.042154 0.901193
 0.028100 0.000417 0.947550 0.023932
 0.084063 0.000417 0.914934 0.000586
 0.000586 0.928848 0.000417 0.070148
 0.873365 0.000417 0.000417 0.125801

MOTIF 101-AAAACAAAACC STREME-101
letter-probability matrix: alength= 4 w= 11 nsites= 525 P= 3.4e-002
 0.955740 0.008405 0.022120 0.013735
 0.939214 0.023095 0.009759 0.027933
 0.922207 0.050054 0.020810 0.006930
 0.923667 0.000284 0.062397 0.013652
 0.000399 0.935107 0.041472 0.023021
 0.857891 0.141426 0.000284 0.000399
 0.972746 0.009759 0.017097 0.000399
 0.965023 0.009759 0.024820 0.000399
 0.907467 0.012408 0.047903 0.032221
 0.048273 0.918698 0.032630 0.000399
 0.233176 0.655794 0.000284 0.110746

MOTIF 102-GGGWGGGGM STREME-102
letter-probability matrix: alength= 4 w= 9 nsites= 1047 P= 3.5e-002
 0.000284 0.000202 0.999231 0.000284
 0.000284 0.021480 0.977953 0.000284
 0.019338 0.000202 0.855860 0.124600
 0.303091 0.212030 0.000202 0.484677
 0.147955 0.001116 0.850646 0.000284
 0.000284 0.005970 0.993463 0.000284
 0.000284 0.000393 0.978408 0.020915
 0.000284 0.000202 0.999231 0.000284
 0.640899 0.320803 0.000202 0.038096

MOTIF 103-CTGATCATTAGA STREME-103
letter-probability matrix: alength= 4 w= 12 nsites= 45 P= 3.5e-002
 0.026555 0.927991 0.018900 0.026555
 0.026555 0.018900 0.018900 0.935645
 0.026555 0.018900 0.927991 0.026555
 0.935645 0.018900 0.018900 0.026555
 0.026555 0.018900 0.018900 0.935645
 0.026555 0.927991 0.018900 0.026555
 0.935645 0.018900 0.018900 0.026555
 0.026555 0.018900 0.018900 0.935645
 0.026555 0.018900 0.018900 0.935645
 0.935645 0.018900 0.018900 0.026555
 0.026555 0.018900 0.927991 0.026555
 0.935645 0.018900 0.018900 0.026555

MOTIF 104-AATGAGTAA STREME-104
letter-probability matrix: alength= 4 w= 9 nsites= 1311 P= 4.0e-002
 0.899931 0.038764 0.048884 0.012422
 0.982140 0.000264 0.000264 0.017332
 0.000371 0.013722 0.001198 0.984710
 0.061602 0.010014 0.928013 0.000371
 0.918970 0.005638 0.002687 0.072706
 0.173293 0.074850 0.645359 0.106499
 0.000371 0.000264 0.000264 0.999101
 0.960082 0.000264 0.000264 0.039390
 0.869483 0.000763 0.077364 0.052390

MOTIF 105-CTCAGCCTCC STREME-105
letter-probability matrix: alength= 4 w= 10 nsites= 100 P= 4.6e-002
 0.001248 0.996617 0.000888 0.001248
 0.001248 0.000888 0.086926 0.910939
 0.001248 0.996617 0.000888 0.001248
 0.914357 0.000888 0.083507 0.001248
 0.001248 0.000888 0.996617 0.001248
 0.001248 0.996617 0.000888 0.001248
 0.001248 0.902093 0.095411 0.001248
 0.001248 0.000888 0.000888 0.996976
 0.001248 0.996617 0.000888 0.001248
 0.001248 0.977336 0.020169 0.001248

MOTIF 106-TGCAAGATGAAAARRKT STREME-106
letter-probability matrix: alength= 4 w= 17 nsites= 89 P= 6.2e-002
 0.000489 0.046781 0.000348 0.952381
 0.244263 0.000348 0.754899 0.000489
 0.012097 0.917416 0.000348 0.070139
 0.987206 0.000348 0.000348 0.012097
 0.998814 0.000348 0.000348 0.000489
 0.058531 0.000348 0.940631 0.000489
 0.975598 0.023565 0.000348 0.000489
 0.000489 0.035173 0.000348 0.963990
 0.104964 0.000348 0.870982 0.023706
 0.905948 0.046781 0.046781 0.000489
 0.929165 0.011956 0.035173 0.023706
 0.929165 0.000348 0.058390 0.012097
 0.917557 0.011956 0.069998 0.000489
 0.511262 0.104823 0.313776 0.070139
 0.418392 0.000348 0.464688 0.116572
 0.046922 0.058390 0.336993 0.557695
 0.000489 0.023565 0.000348 0.975598

MOTIF 107-GATGAACCTTGARGACAT STREME-107
letter-probability matrix: alength= 4 w= 18 nsites= 79 P= 6.2e-002
 0.153177 0.023842 0.775508 0.047474
 0.928332 0.012097 0.059076 0.000495
 0.000495 0.023842 0.023842 0.951822
 0.035729 0.000352 0.939934 0.023984
 0.928332 0.012097 0.035586 0.023984
 0.904843 0.023842 0.070821 0.000495
 0.082708 0.775508 0.023842 0.117942
 0.012240 0.928190 0.000352 0.059219
 0.023984 0.047331 0.012097 0.916587
 0.023984 0.035586 0.094310 0.846119
 0.070963 0.023842 0.892955 0.012240
 0.975311 0.000352 0.023842 0.000495
 0.399818 0.023842 0.552356 0.023984
 0.258879 0.000352 0.716784 0.023984
 0.916587 0.023842 0.035586 0.023984
 0.000495 0.916445 0.000352 0.082708
 0.916587 0.000352 0.070821 0.012240
 0.023984 0.059076 0.012097 0.904843

MOTIF 108-GCCATTCTGACT STREME-108
letter-probability matrix: alength= 4 w= 12 nsites= 70 P= 6.2e-002
 0.000764 0.000543 0.997930 0.000764
 0.000764 0.997930 0.000543 0.000764
 0.000764 0.925458 0.073015 0.000764
 0.918158 0.000543 0.080535 0.000764
 0.000764 0.000543 0.000543 0.998150
 0.000764 0.000543 0.000543 0.998150
 0.000764 0.997930 0.000543 0.000764
 0.000764 0.000543 0.000543 0.998150
 0.103646 0.000543 0.750102 0.145709
 0.998150 0.000543 0.000543 0.000764
 0.000764 0.997930 0.000543 0.000764
 0.138602 0.000543 0.073015 0.787839

********************************************************************************
Stopped because 3 consecutive motifs exceeded the p-value threshold (0.05).
********************************************************************************
COMMAND:	streme --p /mnt/md1/home/oriol//CAM/resources/IRF4/ChIP-seq/T95R.fa --oc T95R --maxw 19
********************************************************************************
CPU:		GPURTX
********************************************************************************
FINALTIME:	32986.18 seconds
********************************************************************************
