loss
0.7028146515205036
0.6907264723096576
0.6482922974654607
0.6148461108548301
0.6008393469878606
0.5897146373135703
0.5712986600399017
0.5586469558307102
0.5482082538945334
0.5392714984076363
0.5294309954132352
0.5187128090006965
0.5106322905847005
0.502062258039202
0.4946675737415041
0.4857369806936809
0.4800329374415534
0.47532621136733466
0.4662767162493297
0.46099799454212187
0.45760591626167296
0.45232424718993053
0.44302097252437045
0.44042188593319487
0.4377919511284147
0.4326870656013489
0.4278813328061785
