loss
0.7404013082038524
0.6986510526566279
0.6777157329377674
0.6604320165656862
0.6355650779746828
0.6065792114961714
0.579351354212988
0.5544114978540511
0.5340757540294102
0.514686970483689
0.5003201358375096
0.48396208030836924
0.47097653505348025
0.4554615787097386
0.44583349994250704
0.43496069808801013
0.42190735325926826
0.4128262989577793
0.39921197791894275
0.3896531867129462
0.3790045600561869
0.3684307138125102
0.3608322874421165
0.350677673305784
0.34119210498673574
0.33350080535525367
0.3257755701031004
0.31839885598137263
0.30842177995613645
0.3019436675877798
0.2974206226922217
0.2863252925730887
0.28405482996077763
0.27233671574365526
0.2670736617985226
0.26049802771636416
0.25768171570130755
0.2511776653783662
0.24326450093871071
0.2413956650665828
0.23283571608009793
0.23260949835890815
0.2261140382006055
0.22244699689603986
0.21223013528755733
0.20982829942589715
0.20659332261199043
0.2067365362530663
0.1980497915120352
0.19562525337650663
0.1887922180550439
0.18974190489167259
0.18367638155108407
0.18198993518238976
0.17352462595417387
0.17505831094015212
0.1701008365267799
0.1680044691477503
0.16168602485032307
0.15937924456028713
0.15717911968628565
0.1534524265499342
0.15257758966514043
0.1485340589923518
0.1475317336264111
0.14163218385406903
0.14063678876984687
0.1373946996671813
0.1372276700678326
0.13397837039970217
0.13000642171218282
0.129523453080938
