loss
0.6905798808674971
0.5941449216118565
0.5105769556981546
0.4819362367744799
0.46416131191783483
0.45104286472002664
0.440157468451394
0.4314292694683428
0.4251107425601394
0.41648172824471086
0.40845105482472316
0.40338163640764024
0.3971141442104622
0.3901038878493839
0.3840267832632418
0.3770642940644865
0.3699203271004889
0.3606277370894397
0.3518231984641817
0.34548512592359826
0.33704931145464934
0.330208591123422
0.32657693845254404
0.31936848279502655
0.31086091145321176
0.30639719648493663
0.30302202061370564
0.29720115628507404
0.29245026359955467
0.28880753379177165
0.28393315154093285
0.28289534742081607
0.27802173909213806
0.27303893505423155
