loss
0.7282640663060275
0.7035153827001882
0.6854110221530116
0.6649886840997741
0.6337804946788522
0.5937728909559028
0.5538805224174677
0.516213022692259
0.4858782582504805
0.4593336637630019
0.4370307665924693
0.4194071265154107
0.40285636796507723
0.39007819114729414
0.37691500782966614
0.3649666510349096
0.35368343563966975
0.34463825821876526
0.3345932787240938
0.32557791818019954
0.31736257533694423
0.30997486932333124
0.3023139075484387
0.294924680576768
0.2888909917931224
0.2821360379457474
0.27613178761892543
0.26978162173614945
0.26469923001389173
0.2584084646646367
0.25580516180326773
0.24928646101508029
0.24524358296117119
0.2367449229539827
0.23489847536696945
0.22926691936892132
0.22618549750294797
0.22096533588198727
0.22052786274011746
0.21284783960774886
0.21166171618672305
0.20643482132013455
0.20342753654302553
0.1994242023589999
0.1936953826699146
0.18921868814978487
0.18947188660155895
0.1863786644020746
0.18214498945446903
0.17884658640900322
0.17594222724437714
0.17377201762310293
0.17064200514970823
0.16674508033103722
0.16708539218403573
0.1631780835085137
0.16075370478075604
0.15741966942022012
0.15567592774019684
0.15090848609458568
0.1512507075487181
0.1450706070592237
0.1461505151765291
0.1416389670136363
0.14017454465461332
0.13627272497775944
0.13521226790062216
0.1315476553038109
0.13039598527342774
0.12550037908692693
0.12332397136230801
0.11883274422482003
0.11692302604747373
0.1121629869868589
0.11001114322002543
0.10626300112452618
0.10885156084631764
0.10420272352043973
0.10394617542624474
