loss
0.691001362822674
0.6659367741825425
0.6426407622399731
0.6245884065316102
0.6082924370453736
0.5950531135095614
0.5811301430809164
0.5682630803540488
0.5543675748544319
0.5394912924721976
0.523914944345706
0.5106869668604057
0.49700771258256143
0.48449580970211564
0.47574863534107387
0.46316292770555084
0.4534551584832022
0.4432102982128892
0.4300367965876499
0.4251529056335164
0.4123002970330069
0.4093060822130364
0.3996769409870433
0.39367133657508924
0.3866098556563119
0.3816753586876058
0.3728227793613327
0.3632896049557445
0.3601906789797489
0.3450535055354377
0.34013870191351275
0.33156065949212726
0.3272851020376259
0.31667719920661963
