loss
0.6696043239123579
0.5868856475450271
0.5552307384651761
0.5384972383982913
0.5260826607429704
0.5139106074564679
0.49789304875357204
0.48680503787689433
0.47634727403868077
0.46523457722261896
0.4541646405881227
0.44762287462173506
0.437980679925098
0.42859620895496636
0.42178415810299474
0.418454387593408
0.41053882527143454
0.40233321011412976
0.39920275424455487
0.39400179320296574
0.38740430962900785
0.3828261844640554
0.38138862950510755
0.3754710294306278
0.3722831518497578
0.36678735933504825
0.3637828176711188
