loss
0.6942426085472106
0.6838745412073637
0.6757581735912123
0.6653225108196861
0.653224599988837
0.6410178416653683
0.6356988172782095
0.6185252791956851
0.6034134249938162
0.5889173965705069
0.5751643510241258
0.5615831770394978
0.547816747113278
0.5352252188481783
0.5273994489719993
0.5121545430861021
0.49946174809807226
0.4900659871728797
0.48079103858847366
0.46541472485190943
0.46090171995915863
0.44121056010848597
0.43915065338737086
0.4262493817429793
0.41248629359822525
0.41380862342683894
0.4014824581773658
0.3897386632467571
0.38501106751592534
0.37521704247123316
0.3688682592228839
0.36288984590455103
0.3551659866383201
0.34592453508000626
0.3394500817123212
0.33371473456683914
0.32735311200744227
0.3221927363621561
0.3098137723772149
0.3078502644049494
0.311006204078072
0.29776742348545476
0.2954641023748799
0.2869696240676077
0.2797991837325849
0.28331491037418965
0.2743122075733386
0.2693853535150227
0.2605120327911879
0.2588632530287692
0.2518712540990428
0.24905481777693095
0.24732504785060883
0.24131114231912712
0.2386112989563691
0.23565433135158137
0.23365665344815506
0.22943542035002457
0.22145584147227437
0.22168561228011785
0.21419871088705564
0.2104437696306329
0.20778483113175944
0.20801279184065366
0.2033086536746276
0.19839957003530703
0.191908125030367
0.19271495781446757
0.1900285756901691
0.18329858897547974
0.18205738263694862
0.1791551466050901
0.1758647855175169
0.17558730981851878
0.1656159742882377
0.16492652736212077
0.16237222677782961
0.16416590229461067
0.16137498303463585
0.15864901558349007
0.15738676292331596
0.15744421905592867
