loss
0.7041771395520849
0.6930635186190105
0.6902815225374633
0.6871739800463724
0.6808708165231989
0.6659057104126525
0.6381980292704883
0.6166291879026929
0.6000069521408713
0.5844394083839753
0.5701612686913317
0.553962351373546
0.5450957478409972
0.5341662455000271
0.5195200841729812
0.5103856300451479
0.4973204239626616
0.48874423796959343
0.4806464255185417
0.4703945673961007
0.4613397258092027
0.4504437291819746
0.44516331105601065
0.4369747729261936
0.430913791472082
0.42188437011360463
0.417393253653089
0.40907916443124004
0.4033022389556822
0.3943051657953315
0.3911416797348149
