loss
0.49208390712738037
0.2660974606154235
0.26400093008084474
0.26233599235530236
0.2605728643153467
0.25929167093331545
0.2577496750536165
0.2566085468897982
0.2545059542779953
0.25352899584004673
0.2521725767459888
0.2510407170226277
0.2505917350472127
0.24965140607359038
0.24833169250606416
0.2475132012009822
0.24681035217384364
0.24553474876190629
0.2454958399023592
0.24448330750529496
0.24338313438594006
0.24313978016846352
0.24317109244791707
0.241264732455969
0.24099129311916595
0.239592662412539
0.23990610323905073
0.23914112904117452
0.23862872880816394
0.2378092860228273
0.2373572600405529
0.23715357241841653
0.23645964239489053
0.2359758562215411
0.23526712583570933
0.23542729312730198
0.2347067800342097
0.23335083411075175
0.23394912367829265
0.2327982596654512
0.23193815194682832
0.23204074341065442
0.2322153834949105
0.23160171776439423
0.2314752722956106
0.23102629023419508
0.23002379608281828
0.23011038783803447
0.22931927075685077
0.22825091914693313
0.22862011510962704
0.22791183968326328
0.22771973671760778
0.22730926170248772
0.22746111905026073
0.226858278117688
0.22732034653660144
0.22621106903639263
0.2253240999904134
0.22528459423490138
0.22556224892436116
0.225264072707678
0.22470843240509633
0.22428882019468457
0.22302582950188635
0.22399078833824443
0.22269143118640525
0.2235524662254328
0.22256976575276033
0.2215264846092543
0.22171754940614305
0.2223401677350069
0.22214288826243164
0.22134151305533475
0.22066403674129564
0.2203377773712582
0.220376563755594
0.2197660507974089
0.21980070308278743
0.2196530491923326
0.21913540280667376
0.21913699361260747
0.21923305081027383
0.21898297028750316
0.21894694334063847
0.21867139869881375
0.21796155010186438
0.2182789261092071
0.2174268414681727
0.21730980320061716
0.21727636142273074
0.21776308339227596
0.21676789268930988
0.21690186721415403
0.21560928496418874
0.2160553532686118
0.21635073588254886
0.21627868874090816
0.216135237577816
0.2150234352600098
0.21619864775555897
0.2150583099699705
0.21414089888577592
0.21484147927614752
0.2150590070659664
0.21455075592641626
0.2137999733121277
0.21348657091106246
0.21272604225564176
0.21305302758743097
0.2139320842783294
0.21279803440939668
0.21327586310416427
0.2129054132603562
0.2118183164762937
0.21179693549250564
0.2122086835783898
0.2125880554977066
0.21155546093779104
0.21215929444522705
0.21080361626547267
