loss
0.6924864723947313
0.6782742041562285
0.6538535372487136
0.6021263729780912
0.5636057060744081
0.5408554488260832
0.5272350140980312
0.5149879121620741
0.5037689318082162
0.4931962408923677
0.484136083163321
0.4745187144726515
0.4622681671753526
0.4551758361714227
0.4470743489052568
0.4365410127543977
0.43096495499568327
0.422343802771398
0.41395659491951975
0.4084580655076674
0.39875134652746574
0.39052350712674005
0.3825385158083269
0.3774599816117968
0.37267351283558775
0.3680945316861783
0.36087255153272835
0.35366329457610846
0.3525734668863671
0.3453852917466845
