loss
0.7077288076891537
0.6927250788492315
0.6893545711741728
0.683783483505249
0.6774925168822793
0.6674447673208573
0.6507541558321784
0.6321566385381362
0.614593050234458
0.600067739276325
0.5854861070128048
0.5690359344377237
0.556139620086726
0.5423625249196501
0.5322438632740694
0.5209521708243033
0.5103144555407412
0.500764727066545
0.4891936993774246
0.48150839910787696
0.47165817083681333
0.46213188096880914
0.4576699838918798
0.4479880127836676
0.4429148012224366
0.43153594670926826
0.4258537344634533
0.4222414944978321
0.4162980859770494
0.4125673929558081
