loss
0.6846513577642288
0.619710553427484
0.5797461202572881
0.560334938620754
0.5456280493384712
0.5335848274723135
0.5228693592324654
0.513154923915863
0.5026465995541847
0.4914253398017014
0.48260842858946035
0.4719331553730185
0.46462125832529555
0.45529892968747954
0.4484836189101273
0.43956940838862363
0.43459419958073714
0.4277778490778588
0.42182129901152193
0.41326610444378276
0.4098634078259762
0.40533438836281804
0.3992007864943778
0.3959736537997269
0.38808983748144504
0.38631966210721963
0.38128742603610094
