loss
0.7046230281100554
0.6908427434308189
0.6765095137414479
0.6543230151846295
0.6270764136598224
0.5921378171160108
0.5643232106452897
0.5402287521532604
0.5222961856495767
0.500364516817388
0.4847218443950017
0.4733453747772035
0.4602695426770619
0.4484367391892842
0.44019134165275664
0.4303446766876039
0.4277549510200818
0.41823667252347585
0.411427732024874
0.4044053582918076
0.3960024796071507
0.3907151268351646
0.3875318251195408
0.3879449612327984
0.3784693536304292
0.37497743999674205
0.3658113940840676
0.3706363421820459
0.3650975314279397
0.3604205490222999
0.35347578000454677
0.3499333920578162
0.34865738451480865
0.34662149385327384
0.3459229016942637
0.3385994090210824
0.336520054155872
0.33547702857426237
0.3296629264950752
0.3224984464191255
0.32050571572922526
0.3131213885332857
0.31102451291822253
0.3049637494342668
0.2958557474471274
0.2868909239768982
0.2850684509390876
0.2774696516848746
0.2739394571454752
