loss
0.5726670311169265
0.49251316439389714
0.4841733715812287
0.478250923265857
0.47389897039732126
0.46980831769155706
0.467252623539154
0.46549002138355117
0.46359912631666567
0.46171466250881904
0.4596460370830898
0.4576226867236725
0.4551662804602873
0.4536014826689649
0.4523698908870849
0.4513907226785196
0.44956050219938276
0.4488397340957574
0.44868376691217027
0.446952595456144
0.44682427950379416
0.4463354278663833
0.4454642684587578
0.44478125163302645
0.44414634251688406
0.44306968087257126
0.4428710331920329
0.4420858741202575
0.44183703898415555
0.4412003917780917
0.4409630696369907
0.43911355135478375
0.43919818286644663
0.43980370493473736
0.4398230255002112
0.43894416054226754
0.43754858569073396
0.43776789955120154
0.43658572841641
0.4366509408184041
0.4363640725289977
0.4351057330234431
