loss
0.6964585505730925
0.6850462461219115
0.6766752158894258
0.6660918929997612
0.6455808208269231
0.6278878292616676
0.6121609039166395
0.5969856395440943
0.5826988830285914
0.5710210619603886
0.5554705861736746
0.543111106227426
0.5320096010670943
0.5205920976750991
0.5085345862542882
0.496227722308215
0.4850052735384773
0.47312918375520147
0.46435170962530026
0.4565229519325144
0.4485672054921879
0.4373147157185218
0.4341079636531718
0.42829534358838023
0.41702622254105176
0.41074759592028226
