loss
0.6939152876536051
0.6799232602119446
0.6721270442008972
0.6617966890335083
0.6533512473106384
0.6476246953010559
0.6377265095710755
0.6290078282356262
0.6222049474716187
0.6130700707435608
0.6017634868621826
0.5952631235122681
0.5859577178955078
0.5771713972091674
0.5693223714828491
0.5593827366828918
0.5518529772758484
0.5393745183944703
0.5304102420806884
0.524135684967041
0.5155303299427032
0.5069123983383179
0.5005963385105133
0.49434945583343504
0.4865895688533783
0.4805922985076904
0.4742845058441162
0.46614148616790774
0.45651538372039796
0.45048475861549375
0.4451484978199005
0.44045872092247007
0.4330084800720215
0.4268191993236542
0.4190787851810455
0.415898859500885
0.4082185447216034
0.40213934779167176
0.3994720458984375
0.3916827976703644
0.3848922193050385
0.38695908784866334
0.3780258059501648
0.3697990596294403
0.37495303750038145
0.3660199463367462
0.36035503149032594
0.35668023228645324
0.3506551146507263
0.3498885750770569
0.3481173276901245
0.34079208970069885
0.33806689977645876
0.3309437096118927
0.33086938261985777
0.3291413068771362
0.32436891794204714
0.32364882826805114
0.31719106435775757
0.3158478081226349
0.31182711720466616
0.30926852822303774
0.30721046924591067
0.3036974251270294
0.30179629325866697
0.29909777641296387
0.2956705868244171
0.2928370714187622
0.2891265511512756
0.29132187366485596
0.2874717593193054
0.2827307879924774
0.2827693045139313
0.2810616374015808
0.2753050208091736
0.27370848059654235
0.27194279432296753
0.2705698788166046
0.2711171627044678
0.2681124687194824
0.26395987868309023
0.25989408791065216
0.2639175057411194
0.25754855275154115
0.25750395357608796
0.25338870882987974
0.2519096553325653
0.2510070830583572
0.2535415828227997
0.24533681571483612
0.247321018576622
0.2451307624578476
0.24304262101650237
0.24142045974731446
0.23865222930908203
0.23894668519496917
0.23727154433727266
0.2367574989795685
0.23266503512859343
0.23271702826023102
0.2332417458295822
0.23092631995677948
0.226419135928154
0.22639549672603607
0.2255356192588806
0.22612885236740113
0.2243165045976639
0.22081241011619568
0.2205569863319397
0.2177096724510193
0.2172934055328369
0.21623665392398833
0.21566132605075836
0.21330063045024872
0.21283544301986695
0.21188960075378419
0.2102634608745575
0.2090001881122589
0.20872966349124908
0.20852356255054474
0.2063407063484192
0.20578835308551788
0.20580804646015166
0.2048452079296112
0.20320066213607788
0.20341639518737792
0.19952788650989534
