loss
0.7004814089080433
0.6880332072329077
0.6788614629218297
0.6681994407073312
0.6547194486079009
0.6431376782263288
0.6334201323319666
0.6225243340367856
0.6110422870387202
0.6001486111871944
0.5888515662702715
0.5759919156198916
0.5651478752586412
0.5538461166694297
0.5424096512128107
0.5300872586898923
0.5203762967949328
0.5095550205951892
0.4970099404917
0.4842471894085037
0.4797554340977106
0.4684112378806801
0.4626867833159725
0.4559035675588602
0.44157117517283245
0.43807729863509626
0.4307316924844469
0.424094659062276
0.4130794552172193
