loss
0.6937349917681794
0.6696715037757104
0.6210202689564556
0.5993708861530374
0.5845021720326274
0.5709228862863068
0.5589764001992864
0.5461228707241356
0.5332737663470277
0.5207762604733126
0.5092152759022669
0.4983424566207676
0.4891612228997257
0.4768659786893687
0.4700034735126233
0.458200922252935
0.4493934408240362
0.4436417632146713
0.4356523893021662
0.429246793919747
0.4225267781576979
0.41522091736487293
0.4066540484034687
0.4061832462155491
0.40041220037762176
0.39371094668130263
0.391635699829924
0.38829602014034165
