loss
0.6929933489232823
0.686460827823973
0.6715371982894675
0.6469088988582583
0.6277626939933666
0.61044659188194
0.5942120138746109
0.5794455722300675
0.5659500443152268
0.5537611802999121
0.5420539372593817
0.528244633961768
0.515981593706312
0.5035920602126713
0.49347929167051385
0.48449823586610113
0.4721842416881645
0.464846195095647
0.45174361711000877
0.447109181733027
0.4337153084521746
0.42267008049644694
0.4198995898239804
0.4120122740303513
0.40149545517281027
0.3938184613293975
0.3923132632770678
