loss
0.6922948669928771
0.6706695077466029
0.6359250744183859
0.592628794557908
0.5573830522742926
0.5288530553088469
0.5070313326283997
0.4883742560358608
0.4728764324795966
0.45654092057078494
0.44179538652008654
0.4312421510032579
0.4183854250346913
0.40780211955893275
0.39788227338416904
0.3864373535502191
0.374879321046904
0.3678443618849212
0.3538580887457904
0.346051411301482
0.33420174086795135
0.3279413487396988
0.31605569112534615
0.3085724655904022
0.30035143593947095
0.2905223048200794
0.2843627245987163
0.28207970629720125
0.2715484616803188
0.26349040690590353
0.2599829438270307
0.2524923144602308
0.24840271356059054
0.2432265316738802
0.2379127270450779
0.23363613907028646
0.2284462148067998
0.221044181024327
0.21361196713120328
0.21378656169947455
0.20989222473957958
0.20408323056557598
0.20452560659717112
0.19688189234219344
0.1912107997957398
0.18767881072035023
0.1873274413393993
0.18181697629830418
0.17795580640143038
0.17295539495991727
0.17515483907624788
0.1670176210064514
