loss
0.7070867011669596
0.6846389498502489
0.6431470683642796
0.6255894927751451
0.6146626668790031
0.6002815020462823
0.5767005480944164
0.5620424020148459
0.5523403884162978
0.5412251476257567
0.5331554941478229
0.5223561498144317
0.5130289586053954
0.5024963612594302
0.49330117293293513
0.4860176621448426
0.47875802656487815
0.47249736317566465
0.46133233050978373
0.45468548507917494
0.4474440036075456
0.43992364974248976
0.4337263626475183
0.42573342022914734
0.42069171215333634
0.41081132775261286
0.4067644021577305
0.40285887344489024
0.3948642629243079
