loss
0.7006754090146321
0.6873977154493331
0.6783894896507263
0.6723368063569068
0.6631684496998786
0.6540139272809029
0.6392701491713524
0.6223294734954834
0.6068583488464355
0.5934627935290336
0.5792850241065025
0.566104980558157
0.5529498651623725
0.53998012393713
0.5243789672851562
0.514240425080061
0.5016302086412907
0.49265385419130325
0.4801430307328701
0.4693183347582817
0.4656627677381039
0.4501008100807667
0.4382100321352482
0.4314453348517418
0.42794007658958433
0.40847111493349075
0.40110084116458894
0.39502438604831697
0.39032298922538755
0.38261003643274305
0.3727318435907364
0.36555165350437163
0.3586341798305511
0.34670567959547044
0.3428350117057562
0.34055856354534625
0.33482286185026167
0.3241804402321577
0.32145803309977056
0.31090637147426603
0.30845321007072923
0.30241458527743814
