loss
0.5231134295463562
0.45062998380648656
0.45036158688212424
0.45012854127761637
0.4498788514164924
0.44974766728250914
0.4496970643929737
0.4496594393856287
0.44959756443229293
0.44956789985636914
0.4494825550801677
0.4494029063213098
0.4493628788015794
0.4492799495770472
0.4493055623471088
0.44919931938242086
0.4491159557306478
0.4490527247549725
0.44895431970631156
0.4489291065370827
0.4488675483564799
0.4488426424531783
0.4488650654323993
0.44882811326999683
0.448776798197436
0.44873517807585145
