loss
0.6960299802172467
0.6730182762190089
0.6511574423769821
0.642023065839765
0.6322166637038933
0.6216961310750742
0.6102068803348188
0.6025269325217294
0.5962533236652259
0.5910597289254202
0.5861536639212303
0.5822841305792568
0.5760299200032157
0.5733689895709251
0.5695247924548317
0.5662602144471878
0.5612248544885113
0.558548915732647
0.5575794883889282
0.5525769526372655
0.5502231591128925
0.5480827673423243
0.54584788579292
0.5435503032673618
0.5410887916699111
0.5390077837234759
0.5382131961724245
