loss
0.7020549095833479
0.6921749617276567
0.6894014033485442
0.6810246880134839
0.6666851041468789
0.6529119072781966
0.6411271890004476
0.6283124430795733
0.6172365068496389
0.6043122194233012
0.593957665930973
0.5820341529917628
0.5706796772247843
0.5606785225734282
0.5520091638359684
0.5430515331498692
0.5339760144105118
0.5263342273592503
0.5189154213957126
0.5139702070741617
0.5085605083779896
0.4997342004534904
0.4894516276063098
0.4883726412214143
0.48169797111986284
0.47380752331308656
