loss
0.6917255286659513
0.6572751724462715
0.6064546725732817
0.5669362214829424
0.5403528134171054
0.5226762764316668
0.5100535291561977
0.4952388560171608
0.4874297082424164
0.47400416937663403
0.46317756733448384
0.45510519687220347
0.44552798537041644
0.43518717447630795
0.4249382860583367
0.417811045543753
0.408760626003039
0.3992262221068787
0.39500748553722026
0.3833789544568645
0.3753537803673916
0.37016517256232473
0.3617849068032752
0.3564500040609202
0.34716985712377285
0.33743811259381207
0.33510314346217424
0.32623110706214425
0.32224908160219945
0.31536844549633614
0.3089157704183524
