********************************************************************************
STREME - Sensitive, Thorough, Rapid, Enriched Motif Elicitation
********************************************************************************
MEME version 5.3.0 (Release date: Wed Nov 25 19:19:29 2020 -0800)

For further information on how to interpret please access http://meme-suite.org.
To get a copy of the MEME Suite software please access http://meme-suite.org.

********************************************************************************


********************************************************************************
REFERENCE
********************************************************************************
If you use this program in your research, please cite:

Timothy L. Bailey,
"STREME: Accurate and versatile sequence motif discovery",
bioRxiv, (preprint), Nov. 23, 2020.
********************************************************************************


ALPHABET= ACGT

strands: + -

Background letter frequencies
A 0.295 C 0.205 G 0.205 T 0.295 

MOTIF 1-CCAGCCTGGGCRACAKRGY STREME-1
letter-probability matrix: alength= 4 w= 19 nsites= 2110 P= 1.1e-060
 0.015306 0.930373 0.015826 0.038495
 0.016887 0.907711 0.002124 0.073278
 0.978866 0.004232 0.011610 0.005293
 0.033225 0.007394 0.905075 0.054307
 0.005820 0.946184 0.010029 0.037968
 0.012144 0.947765 0.006867 0.033225
 0.007401 0.012664 0.001597 0.978339
 0.050089 0.006867 0.932481 0.010563
 0.084876 0.011083 0.897694 0.006347
 0.040603 0.255137 0.687373 0.016887
 0.025846 0.679965 0.010556 0.283633
 0.630413 0.011610 0.350576 0.007401
 0.962528 0.003178 0.025839 0.008455
 0.016360 0.904549 0.014772 0.064319
 0.955150 0.004232 0.034799 0.005820
 0.115449 0.071692 0.449146 0.363713
 0.623075 0.008448 0.356861 0.011617
 0.121774 0.012137 0.857635 0.008455
 0.070644 0.357948 0.110172 0.461236

MOTIF 2-CTGTAATCCCAGCWMYTTGGG STREME-2
letter-probability matrix: alength= 4 w= 21 nsites= 1825 P= 3.2e-057
 0.003812 0.951984 0.005065 0.039139
 0.005704 0.017051 0.002542 0.974703
 0.088345 0.006327 0.897731 0.007597
 0.006966 0.027144 0.003804 0.962086
 0.950731 0.006327 0.034715 0.008228
 0.739377 0.005696 0.250484 0.004443
 0.005073 0.017682 0.002542 0.974703
 0.013274 0.923597 0.008850 0.054278
 0.005073 0.926120 0.006327 0.062480
 0.004443 0.914133 0.005065 0.076359
 0.977857 0.003804 0.011373 0.006966
 0.061219 0.008850 0.919810 0.010120
 0.014536 0.935583 0.008219 0.041662
 0.479417 0.013897 0.012635 0.494051
 0.481435 0.460483 0.024621 0.033462
 0.007597 0.475749 0.006327 0.510327
 0.008858 0.025883 0.014528 0.950731
 0.017690 0.304768 0.029037 0.648505
 0.186149 0.017682 0.774064 0.022106
 0.054910 0.003804 0.933690 0.007597
 0.043555 0.008850 0.940629 0.006966

MOTIF 3-AGGCTGAGGCRGGAGRATCRC STREME-3
letter-probability matrix: alength= 4 w= 21 nsites= 1793 P= 1.6e-050
 0.985260 0.001295 0.007675 0.005769
 0.056174 0.002571 0.934847 0.006407
 0.035757 0.005761 0.950798 0.007684
 0.007046 0.960369 0.004485 0.028101
 0.014702 0.280126 0.008951 0.696220
 0.162729 0.010865 0.822550 0.003855
 0.978880 0.001295 0.017246 0.002579
 0.052346 0.008951 0.932295 0.006407
 0.061917 0.006399 0.916982 0.014702
 0.024273 0.680265 0.010227 0.285235
 0.592859 0.012142 0.375194 0.019806
 0.058089 0.022350 0.894650 0.024911
 0.067021 0.009589 0.915706 0.007684
 0.649004 0.171016 0.008951 0.171029
 0.126998 0.009589 0.855729 0.007684
 0.410374 0.003847 0.576182 0.009598
 0.968033 0.008951 0.017246 0.005769
 0.006407 0.045319 0.001933 0.946340
 0.018530 0.680869 0.070214 0.230387
 0.511763 0.019798 0.444805 0.023635
 0.014064 0.896564 0.010865 0.078506

MOTIF 4-GTCTCWAAAAAAAAAAAAAAA STREME-4
letter-probability matrix: alength= 4 w= 21 nsites= 2053 P= 1.4e-045
 0.293612 0.019873 0.659416 0.027100
 0.022287 0.020372 0.003026 0.954316
 0.006042 0.962530 0.008089 0.023339
 0.009351 0.003877 0.004831 0.981940
 0.041337 0.914699 0.004229 0.039735
 0.597884 0.036719 0.007839 0.357557
 0.962035 0.006034 0.022881 0.009050
 0.644212 0.310621 0.021076 0.024092
 0.706183 0.027093 0.015059 0.251665
 0.927139 0.029499 0.023482 0.019880
 0.927741 0.035515 0.016262 0.020482
 0.937368 0.024084 0.010246 0.028303
 0.931351 0.017466 0.022279 0.028905
 0.922326 0.023482 0.023482 0.030710
 0.656847 0.036718 0.014457 0.291977
 0.909692 0.028897 0.022279 0.039133
 0.655042 0.269107 0.032507 0.043345
 0.871788 0.036117 0.037320 0.054775
 0.884173 0.031303 0.037570 0.046954
 0.877254 0.036366 0.040629 0.045751
 0.826413 0.054166 0.047799 0.071622

MOTIF 5-RGYGCRGTGGC STREME-5
letter-probability matrix: alength= 4 w= 11 nsites= 2346 P= 5.1e-041
 0.489960 0.000018 0.509997 0.000025
 0.027811 0.000018 0.972146 0.000025
 0.000025 0.378393 0.000018 0.621564
 0.224466 0.000018 0.772412 0.003105
 0.000025 0.724459 0.000018 0.275498
 0.610057 0.012773 0.377145 0.000025
 0.079293 0.000018 0.920664 0.000025
 0.000025 0.017536 0.000018 0.982421
 0.015342 0.000018 0.984615 0.000025
 0.023937 0.000018 0.976021 0.000025
 0.000025 0.806157 0.000018 0.193800

MOTIF 6-AMCTCCTGGSYTCAA STREME-6
letter-probability matrix: alength= 4 w= 15 nsites= 1611 P= 9.0e-039
 0.711635 0.007915 0.276113 0.004336
 0.539973 0.430253 0.009351 0.020423
 0.002901 0.942206 0.002892 0.052001
 0.001764 0.015810 0.006480 0.975947
 0.002183 0.962600 0.005762 0.029455
 0.004634 0.957995 0.002892 0.034479
 0.010078 0.257746 0.002892 0.729284
 0.142889 0.003907 0.850302 0.002901
 0.323017 0.001457 0.671190 0.004336
 0.038068 0.318293 0.627102 0.016537
 0.002901 0.600134 0.008633 0.388332
 0.000748 0.007198 0.000021 0.992033
 0.005541 0.952485 0.010366 0.031608
 0.971641 0.013237 0.012221 0.002901
 0.760121 0.027295 0.194611 0.017972

MOTIF 7-AGGTTGCAGTGAGCYRAGATC STREME-7
letter-probability matrix: alength= 4 w= 21 nsites= 1218 P= 3.0e-038
 0.964004 0.002789 0.023041 0.010165
 0.059877 0.007392 0.920725 0.012007
 0.042385 0.086565 0.848917 0.022133
 0.008324 0.251347 0.013836 0.726493
 0.009245 0.009233 0.009233 0.972289
 0.058956 0.003709 0.923487 0.013848
 0.003721 0.924408 0.002789 0.069082
 0.929022 0.010153 0.055262 0.005563
 0.035021 0.010153 0.950184 0.004642
 0.006483 0.023041 0.014756 0.955719
 0.037782 0.009233 0.949264 0.003721
 0.975051 0.003709 0.011995 0.009245
 0.042385 0.009233 0.941899 0.006483
 0.012006 0.931773 0.009233 0.046988
 0.038703 0.583752 0.022121 0.355424
 0.380264 0.013836 0.598497 0.007404
 0.766079 0.009233 0.017518 0.207170
 0.023974 0.005551 0.956628 0.013848
 0.948355 0.005551 0.024882 0.021212
 0.005563 0.043294 0.008312 0.942831
 0.028577 0.617843 0.060785 0.292795

MOTIF 8-ATGASTCAT STREME-8
letter-probability matrix: alength= 4 w= 9 nsites= 5387 P= 5.8e-015
 0.576442 0.245168 0.128899 0.049492
 0.004233 0.036305 0.000532 0.958930
 0.002853 0.012787 0.854239 0.130122
 0.987557 0.002588 0.006623 0.003232
 0.023886 0.476114 0.476114 0.023886
 0.003232 0.006623 0.002588 0.987557
 0.130122 0.854239 0.012787 0.002853
 0.958930 0.000532 0.036305 0.004233
 0.049492 0.128899 0.245168 0.576442

MOTIF 9-AAAAAAAAAAAAAAAAA STREME-9
letter-probability matrix: alength= 4 w= 17 nsites= 2285 P= 1.2e-014
 0.983446 0.000257 0.000017 0.016279
 0.987939 0.006837 0.003040 0.002184
 0.761189 0.133691 0.034199 0.070922
 0.820780 0.051075 0.083846 0.044299
 0.886022 0.052396 0.019457 0.042124
 0.784486 0.090783 0.046014 0.078717
 0.835131 0.055847 0.035201 0.073821
 0.763239 0.103344 0.088485 0.044932
 0.844340 0.058591 0.069933 0.027136
 0.845015 0.049848 0.038934 0.066204
 0.835666 0.073127 0.023185 0.068022
 0.761309 0.105528 0.064984 0.068178
 0.798864 0.073761 0.080640 0.046736
 0.773424 0.046731 0.116605 0.063240
 0.626157 0.153924 0.069019 0.150900
 0.930236 0.020058 0.013442 0.036264
 0.960156 0.022371 0.004053 0.013420

MOTIF 10-CCCCACCCCCMBCCC STREME-10
letter-probability matrix: alength= 4 w= 15 nsites= 2685 P= 6.2e-013
 0.039795 0.865746 0.032538 0.061921
 0.065810 0.790752 0.052012 0.091426
 0.036246 0.861199 0.029421 0.073134
 0.017205 0.881792 0.022601 0.078401
 0.567583 0.022602 0.189958 0.219857
 0.031955 0.800969 0.089814 0.077262
 0.046245 0.849021 0.049049 0.055685
 0.059605 0.774853 0.067720 0.097823
 0.128182 0.721552 0.051117 0.099148
 0.115004 0.761097 0.065001 0.058898
 0.445285 0.255807 0.149962 0.148945
 0.150525 0.354623 0.223718 0.271133
 0.046028 0.755326 0.119287 0.079358
 0.091181 0.681246 0.069047 0.158525
 0.083586 0.699873 0.071360 0.145180

MOTIF 11-AAAGGAAAC STREME-11
letter-probability matrix: alength= 4 w= 9 nsites= 10373 P= 3.9e-010
 0.767792 0.000052 0.112596 0.119560
 0.892304 0.008585 0.071642 0.027469
 0.736119 0.118797 0.138335 0.006749
 0.004045 0.065523 0.722640 0.207791
 0.079007 0.013452 0.892659 0.014882
 0.949463 0.005022 0.044436 0.001080
 0.945593 0.002211 0.007291 0.044905
 0.936895 0.000785 0.062245 0.000075
 0.089840 0.653105 0.154527 0.102527

MOTIF 12-AGGAAGTGR STREME-12
letter-probability matrix: alength= 4 w= 9 nsites= 6443 P= 2.6e-009
 0.667164 0.069062 0.263680 0.000094
 0.000094 0.020308 0.979505 0.000094
 0.000094 0.000065 0.999748 0.000094
 0.999776 0.000065 0.000065 0.000094
 0.952267 0.047574 0.000065 0.000094
 0.150984 0.061194 0.787728 0.000094
 0.138273 0.082245 0.172979 0.606504
 0.143360 0.051458 0.769562 0.035620
 0.550878 0.026855 0.422173 0.000094

MOTIF 13-GAGGTCAGGAGWTCGAGA STREME-13
letter-probability matrix: alength= 4 w= 18 nsites= 230 P= 2.9e-008
 0.197103 0.014912 0.787775 0.000209
 0.925665 0.019835 0.054291 0.000209
 0.074044 0.009990 0.905912 0.010054
 0.029743 0.039524 0.920679 0.010054
 0.014976 0.073980 0.000146 0.910898
 0.005132 0.950213 0.005068 0.039588
 0.960121 0.000146 0.029679 0.010054
 0.172491 0.005068 0.822232 0.000209
 0.054355 0.005068 0.930523 0.010054
 0.945354 0.019835 0.019835 0.014976
 0.069122 0.009990 0.900989 0.019899
 0.443268 0.024757 0.009990 0.521984
 0.000209 0.000146 0.005068 0.994577
 0.029743 0.748397 0.039524 0.182336
 0.251251 0.014912 0.733627 0.000209
 0.974888 0.005068 0.009990 0.010054
 0.019899 0.005068 0.974824 0.000209
 0.984732 0.000146 0.014912 0.000209

MOTIF 14-GASAGAGAGAGA STREME-14
letter-probability matrix: alength= 4 w= 12 nsites= 455 P= 7.2e-008
 0.000185 0.000128 0.999503 0.000185
 0.999559 0.000128 0.000128 0.000185
 0.075165 0.335484 0.589167 0.000185
 0.903546 0.013141 0.083129 0.000185
 0.034982 0.004466 0.956031 0.004522
 0.968264 0.031424 0.000128 0.000185
 0.056539 0.001928 0.941347 0.000185
 0.660897 0.259189 0.079730 0.000185
 0.190884 0.024262 0.784669 0.000185
 0.984830 0.014857 0.000128 0.000185
 0.000185 0.000128 0.995165 0.004522
 0.999559 0.000128 0.000128 0.000185

MOTIF 15-GCTATTRTGAATARTGCTGC STREME-15
letter-probability matrix: alength= 4 w= 20 nsites= 214 P= 1.1e-007
 0.064348 0.000158 0.913892 0.021601
 0.000227 0.903206 0.010845 0.085722
 0.053662 0.048249 0.016188 0.881901
 0.849841 0.000158 0.112370 0.037631
 0.016258 0.090996 0.005501 0.887245
 0.000227 0.064279 0.016188 0.919305
 0.336863 0.010845 0.593287 0.059005
 0.010914 0.058936 0.010845 0.919305
 0.235338 0.010845 0.748247 0.005571
 0.919305 0.021532 0.048249 0.010914
 0.972739 0.021532 0.005501 0.000227
 0.032288 0.090997 0.010845 0.865870
 0.892588 0.010845 0.080309 0.016258
 0.507856 0.032219 0.438324 0.021601
 0.080379 0.048249 0.037562 0.833811
 0.133813 0.010845 0.817711 0.037631
 0.010914 0.844428 0.010845 0.133813
 0.037631 0.037562 0.016188 0.908618
 0.133813 0.021532 0.790994 0.053662
 0.042975 0.758932 0.010845 0.187248

MOTIF 16-CCACATTTTSTTTATCCATT STREME-16
letter-probability matrix: alength= 4 w= 20 nsites= 201 P= 2.3e-007
 0.093055 0.780969 0.022002 0.103975
 0.016613 0.813729 0.016542 0.153116
 0.923003 0.032922 0.043843 0.000232
 0.000232 0.868330 0.000161 0.131276
 0.966684 0.005622 0.016542 0.011153
 0.016613 0.043843 0.103904 0.835641
 0.016613 0.027462 0.016542 0.939383
 0.011153 0.011082 0.016542 0.961224
 0.000232 0.011082 0.016542 0.972144
 0.114895 0.349616 0.535257 0.000232
 0.022073 0.092984 0.000161 0.884782
 0.005693 0.043843 0.022002 0.928463
 0.005693 0.060223 0.005622 0.928463
 0.912083 0.043843 0.038382 0.005693
 0.043913 0.092984 0.005622 0.857481
 0.016613 0.699066 0.032922 0.251399
 0.032993 0.813729 0.000161 0.153116
 0.862941 0.016542 0.092984 0.027533
 0.082134 0.065683 0.131210 0.720972
 0.022073 0.054763 0.016542 0.906622

MOTIF 17-GTGGGAATGTAAAWTRGTWC STREME-17
letter-probability matrix: alength= 4 w= 20 nsites= 229 P= 3.9e-007
 0.127568 0.000145 0.847587 0.024701
 0.014904 0.000145 0.005043 0.979908
 0.117771 0.000145 0.862282 0.019802
 0.142263 0.000145 0.827993 0.029599
 0.127568 0.029535 0.842688 0.000208
 0.994603 0.000145 0.000145 0.005107
 0.793765 0.024637 0.176491 0.005107
 0.024701 0.019739 0.024637 0.930924
 0.127568 0.014840 0.857383 0.000208
 0.000208 0.117707 0.014840 0.867244
 0.891736 0.029535 0.049129 0.029599
 0.955416 0.005043 0.019739 0.019802
 0.926025 0.024637 0.049129 0.000208
 0.367593 0.083419 0.019739 0.529249
 0.010005 0.029535 0.014840 0.945619
 0.534148 0.005043 0.426311 0.034498
 0.078583 0.029535 0.862282 0.029599
 0.000208 0.049129 0.014840 0.935822
 0.494954 0.009942 0.186286 0.308818
 0.034498 0.847586 0.024637 0.093279

MOTIF 18-TGAYCCAGCAATYCCA STREME-18
letter-probability matrix: alength= 4 w= 16 nsites= 188 P= 3.9e-007
 0.024716 0.098003 0.018522 0.858759
 0.118961 0.000181 0.856142 0.024716
 0.950467 0.000181 0.030750 0.018602
 0.000260 0.648270 0.012409 0.339061
 0.030830 0.919818 0.000181 0.049171
 0.012488 0.883136 0.000181 0.104196
 0.968809 0.006295 0.000181 0.024716
 0.055285 0.018522 0.919819 0.006374
 0.043057 0.907591 0.012409 0.036943
 0.962695 0.018522 0.000181 0.018602
 0.852646 0.000181 0.140800 0.006374
 0.055285 0.036864 0.024636 0.883215
 0.018602 0.403709 0.000181 0.577509
 0.024716 0.868370 0.036864 0.070050
 0.006374 0.840338 0.000181 0.153107
 0.956581 0.018522 0.018522 0.006374

MOTIF 19-AGACYCYRTCTCWA STREME-19
letter-probability matrix: alength= 4 w= 14 nsites= 405 P= 7.6e-007
 0.976721 0.011578 0.011578 0.000122
 0.268549 0.000085 0.728370 0.002996
 0.993961 0.000085 0.005832 0.000122
 0.000122 0.946758 0.000085 0.053035
 0.023109 0.564524 0.005832 0.406535
 0.018555 0.906531 0.000085 0.074829
 0.011616 0.448387 0.011578 0.528419
 0.378219 0.000085 0.621574 0.000122
 0.008742 0.027137 0.000085 0.964035
 0.010691 0.922311 0.000085 0.066913
 0.023109 0.008705 0.005832 0.962355
 0.030804 0.925889 0.023072 0.020236
 0.491329 0.054678 0.014452 0.439542
 0.893615 0.000085 0.053265 0.053035

MOTIF 20-AYACACACACACACACACA STREME-20
letter-probability matrix: alength= 4 w= 19 nsites= 690 P= 9.6e-007
 0.906355 0.041496 0.052076 0.000073
 0.054323 0.604955 0.001778 0.338944
 0.905694 0.000051 0.094182 0.000073
 0.013888 0.786656 0.032862 0.166593
 0.994644 0.000051 0.005232 0.000073
 0.034611 0.819650 0.000051 0.145688
 0.943701 0.009549 0.046676 0.000073
 0.027703 0.765178 0.047035 0.160084
 0.908300 0.000051 0.044950 0.046699
 0.001800 0.735678 0.035554 0.226967
 0.864551 0.000051 0.135325 0.000073
 0.070729 0.808683 0.008685 0.111902
 0.930750 0.025954 0.031135 0.012162
 0.027703 0.782477 0.021490 0.168330
 0.923842 0.012139 0.036315 0.027703
 0.038065 0.728943 0.010413 0.222580
 0.826420 0.010412 0.100209 0.062958
 0.049586 0.652634 0.025954 0.271826
 0.857526 0.053562 0.045666 0.043245

MOTIF 21-AAATGACT STREME-21
letter-probability matrix: alength= 4 w= 8 nsites= 3532 P= 1.2e-006
 0.899852 0.000256 0.099523 0.000369
 0.768374 0.000256 0.132493 0.098877
 0.921796 0.000256 0.077578 0.000369
 0.000369 0.011907 0.000256 0.987468
 0.000369 0.000256 0.924524 0.074851
 0.999119 0.000256 0.000256 0.000369
 0.000369 0.999006 0.000256 0.000369
 0.153188 0.082853 0.000256 0.763703

MOTIF 22-TGAGRAATCKCCAHACTGTTT STREME-22
letter-probability matrix: alength= 4 w= 21 nsites= 144 P= 1.9e-006
 0.016587 0.016481 0.024602 0.942330
 0.187118 0.000240 0.812296 0.000346
 0.999174 0.000240 0.000240 0.000346
 0.073430 0.016481 0.901622 0.008466
 0.568785 0.008361 0.414388 0.008466
 0.926089 0.024602 0.032722 0.016587
 0.917969 0.008361 0.073325 0.000346
 0.000346 0.300700 0.008361 0.690594
 0.000346 0.674247 0.016481 0.308926
 0.227721 0.000240 0.276338 0.495700
 0.000346 0.925984 0.008361 0.065310
 0.000346 0.942225 0.000240 0.057189
 0.958571 0.016481 0.008361 0.016587
 0.398253 0.219495 0.065204 0.317048
 0.909848 0.024602 0.057084 0.008466
 0.008466 0.909743 0.000240 0.081551
 0.024707 0.024602 0.000240 0.950451
 0.138395 0.040843 0.787935 0.032828
 0.000346 0.292581 0.008361 0.698712
 0.000346 0.130169 0.000240 0.869245
 0.000346 0.097686 0.016481 0.885487

MOTIF 23-ACAATGARATAYYAY STREME-23
letter-probability matrix: alength= 4 w= 15 nsites= 194 P= 2.8e-006
 0.945934 0.000176 0.053637 0.000253
 0.000253 0.898337 0.000176 0.101235
 0.981575 0.000176 0.017996 0.000253
 0.868710 0.000176 0.130862 0.000253
 0.000253 0.000176 0.017996 0.981575
 0.083415 0.000176 0.916157 0.000253
 0.689351 0.023936 0.286460 0.000253
 0.363759 0.012056 0.617993 0.006193
 0.951875 0.000176 0.047697 0.000253
 0.000253 0.035816 0.000176 0.963755
 0.963755 0.006116 0.017996 0.012133
 0.006193 0.588294 0.000176 0.405338
 0.012133 0.564531 0.000176 0.423160
 0.975635 0.006116 0.000176 0.018074
 0.000253 0.350651 0.017996 0.631101

MOTIF 24-GAAACTGAGGCHCAGAG STREME-24
letter-probability matrix: alength= 4 w= 17 nsites= 198 P= 2.8e-006
 0.185258 0.018643 0.745010 0.051089
 0.906999 0.018643 0.023270 0.051089
 0.911625 0.060282 0.023270 0.004823
 0.832974 0.046402 0.074161 0.046462
 0.027956 0.856047 0.037149 0.078848
 0.023330 0.041776 0.000137 0.934758
 0.060342 0.014016 0.906939 0.018703
 0.944011 0.000137 0.037149 0.018703
 0.120487 0.027896 0.851420 0.000197
 0.097354 0.014016 0.865300 0.023330
 0.064968 0.758890 0.023270 0.152873
 0.259283 0.323994 0.023270 0.393453
 0.051089 0.805155 0.037149 0.106607
 0.883866 0.032523 0.037149 0.046462
 0.152873 0.014016 0.791275 0.041836
 0.823721 0.051029 0.092668 0.032583
 0.162126 0.046402 0.754263 0.037209

MOTIF 25-CTGTGTGACCTTGG STREME-25
letter-probability matrix: alength= 4 w= 14 nsites= 364 P= 4.3e-006
 0.032547 0.849603 0.056897 0.060953
 0.015503 0.059738 0.028490 0.896269
 0.090539 0.122928 0.702854 0.083678
 0.050770 0.089323 0.092164 0.767743
 0.077997 0.008606 0.897894 0.015503
 0.002962 0.008606 0.026829 0.961604
 0.034209 0.022809 0.931499 0.011483
 0.734621 0.025650 0.137614 0.102115
 0.017165 0.827843 0.028490 0.126502
 0.043910 0.779552 0.012626 0.163913
 0.043909 0.116067 0.031331 0.808692
 0.034209 0.090985 0.069438 0.805368
 0.115622 0.008606 0.875651 0.000121
 0.175276 0.005765 0.784750 0.034209

MOTIF 26-ATGGAAWCAACCYAARTGY STREME-26
letter-probability matrix: alength= 4 w= 19 nsites= 107 P= 7.5e-006
 0.493924 0.241319 0.241319 0.023439
 0.023439 0.000339 0.011815 0.964407
 0.092290 0.000339 0.906882 0.000488
 0.126715 0.034765 0.815081 0.023439
 0.941457 0.000339 0.057715 0.000488
 0.987358 0.000339 0.000339 0.011964
 0.413596 0.011815 0.126567 0.448023
 0.000488 0.895407 0.000339 0.103765
 0.964407 0.011815 0.023290 0.000488
 0.929982 0.000339 0.069191 0.000488
 0.000488 0.860982 0.000339 0.138191
 0.057864 0.803606 0.011815 0.126715
 0.011964 0.493773 0.000339 0.493924
 0.998833 0.000339 0.000339 0.000488
 0.689001 0.046240 0.241320 0.023439
 0.516873 0.069191 0.390498 0.023439
 0.000488 0.057715 0.057715 0.884081
 0.195567 0.011815 0.780655 0.011964
 0.000488 0.379023 0.046240 0.574249

MOTIF 27-GAAACCMC STREME-27
letter-probability matrix: alength= 4 w= 8 nsites= 2102 P= 7.6e-006
 0.071985 0.048762 0.867413 0.011840
 0.892415 0.059440 0.006128 0.042017
 0.985499 0.000180 0.006491 0.007830
 0.955152 0.000213 0.044471 0.000163
 0.000161 0.959171 0.016891 0.023776
 0.037602 0.932821 0.003894 0.025684
 0.572074 0.411366 0.014326 0.002234
 0.028563 0.946866 0.020184 0.004387

MOTIF 28-TAARTGGAATCATACARTATK STREME-28
letter-probability matrix: alength= 4 w= 21 nsites= 133 P= 1.5e-005
 0.052478 0.052365 0.000257 0.894900
 0.868846 0.052365 0.069735 0.009054
 0.903584 0.000257 0.052366 0.043793
 0.365129 0.017626 0.538712 0.078533
 0.000370 0.000257 0.000257 0.999117
 0.165380 0.000257 0.755831 0.078532
 0.121956 0.000257 0.868733 0.009054
 0.860161 0.052365 0.087104 0.000370
 0.964378 0.000257 0.034996 0.000370
 0.069848 0.052365 0.000257 0.877530
 0.017739 0.807939 0.017626 0.156695
 0.938323 0.008942 0.052366 0.000370
 0.043793 0.061050 0.000257 0.894900
 0.764628 0.008942 0.173952 0.052478
 0.035109 0.721092 0.008942 0.234858
 0.929639 0.000257 0.069735 0.000370
 0.347759 0.017626 0.634245 0.000370
 0.043793 0.087104 0.000257 0.868845
 0.877530 0.026311 0.061050 0.035109
 0.052478 0.061050 0.008942 0.877530
 0.095902 0.017626 0.338962 0.547510

MOTIF 29-TATTTTTAAAW STREME-29
letter-probability matrix: alength= 4 w= 11 nsites= 1963 P= 1.5e-005
 0.000076 0.000053 0.000053 0.999818
 0.999818 0.000053 0.000053 0.000076
 0.001420 0.133475 0.002746 0.862359
 0.035081 0.023222 0.025490 0.916207
 0.019064 0.020121 0.000053 0.960763
 0.044320 0.054642 0.201784 0.699254
 0.159799 0.176348 0.000053 0.663799
 0.868649 0.000053 0.000053 0.131245
 0.788070 0.000053 0.211801 0.000076
 0.823032 0.007572 0.000053 0.169343
 0.407387 0.131814 0.000053 0.460746

MOTIF 30-CAYGCCTGTAATCC STREME-30
letter-probability matrix: alength= 4 w= 14 nsites= 146 P= 6.0e-005
 0.000290 0.883440 0.115981 0.000290
 0.869908 0.000201 0.115980 0.013911
 0.007100 0.531449 0.000201 0.461250
 0.313594 0.013822 0.651863 0.020721
 0.000290 0.971977 0.000201 0.027532
 0.007100 0.958356 0.000201 0.034342
 0.007100 0.000201 0.000201 0.992497
 0.095639 0.013822 0.890249 0.000290
 0.000290 0.000201 0.007012 0.992497
 0.967447 0.007012 0.025251 0.000290
 0.760937 0.000201 0.231762 0.007100
 0.000290 0.000201 0.007012 0.992497
 0.007100 0.903871 0.020633 0.068396
 0.020721 0.924302 0.007012 0.047964

MOTIF 31-ATTAGCCR STREME-31
letter-probability matrix: alength= 4 w= 8 nsites= 533 P= 7.1e-005
 0.998948 0.000306 0.000306 0.000440
 0.000440 0.000306 0.000306 0.998948
 0.000440 0.000306 0.000306 0.998948
 0.994576 0.004678 0.000306 0.000440
 0.000440 0.000306 0.998813 0.000440
 0.000440 0.825077 0.000306 0.174177
 0.000440 0.998813 0.000306 0.000440
 0.500740 0.000306 0.498513 0.000440

MOTIF 32-GAATAYTATKCAGCCATAAAA STREME-32
letter-probability matrix: alength= 4 w= 21 nsites= 106 P= 2.4e-004
 0.064872 0.000318 0.891410 0.043401
 0.955964 0.011053 0.032525 0.000457
 0.891549 0.043261 0.064733 0.000457
 0.000457 0.086205 0.000318 0.913021
 0.966700 0.000318 0.032525 0.000457
 0.043401 0.569332 0.032525 0.354742
 0.011193 0.011053 0.011053 0.966700
 0.923757 0.000318 0.032525 0.043401
 0.021929 0.139884 0.000318 0.837869
 0.118552 0.021789 0.365350 0.494309
 0.000457 0.816258 0.011053 0.172231
 0.934493 0.000318 0.043261 0.021929
 0.064872 0.011053 0.923617 0.000457
 0.021929 0.826994 0.021789 0.129288
 0.236647 0.665955 0.000318 0.097080
 0.698303 0.000318 0.064733 0.236647
 0.000457 0.053997 0.021789 0.923757
 0.741246 0.043261 0.053997 0.161496
 0.902285 0.021789 0.043261 0.032665
 0.880813 0.032525 0.075469 0.011193
 0.955964 0.000318 0.043261 0.000457

MOTIF 33-AATTAGCYRGGCRTGGTGG STREME-33
letter-probability matrix: alength= 4 w= 19 nsites= 217 P= 2.6e-004
 0.872764 0.029392 0.034266 0.063577
 0.843517 0.029392 0.078138 0.048954
 0.039204 0.073263 0.009893 0.877639
 0.068452 0.044016 0.009893 0.877639
 0.872764 0.005019 0.112260 0.009957
 0.039204 0.009893 0.936071 0.014831
 0.000207 0.994566 0.000144 0.005082
 0.005082 0.550976 0.000144 0.443798
 0.404801 0.005019 0.555851 0.034330
 0.102574 0.029392 0.858077 0.009957
 0.146446 0.019643 0.799581 0.034330
 0.073327 0.648469 0.005019 0.273186
 0.463296 0.078139 0.375489 0.083076
 0.029455 0.048890 0.014768 0.906887
 0.083076 0.019643 0.853203 0.044079
 0.131822 0.009893 0.823955 0.034330
 0.005082 0.024517 0.009893 0.960507
 0.141571 0.019643 0.780083 0.058703
 0.078201 0.034266 0.838579 0.048954

MOTIF 34-GGGTATATACCYA STREME-34
letter-probability matrix: alength= 4 w= 13 nsites= 121 P= 4.8e-004
 0.025860 0.017250 0.942266 0.014624
 0.097383 0.000251 0.893505 0.008861
 0.224875 0.000251 0.774512 0.000362
 0.008861 0.017250 0.059747 0.914143
 0.897143 0.017250 0.085245 0.000362
 0.071884 0.051247 0.059747 0.817122
 0.956639 0.008751 0.034248 0.000362
 0.008861 0.017250 0.000251 0.973638
 0.919114 0.008751 0.063274 0.008861
 0.051358 0.931031 0.008751 0.008861
 0.000362 0.914032 0.017250 0.068357
 0.025859 0.641262 0.000251 0.332628
 0.990636 0.000251 0.000251 0.008861

MOTIF 35-CATCTGTAAAAT STREME-35
letter-probability matrix: alength= 4 w= 12 nsites= 268 P= 5.2e-004
 0.007588 0.956444 0.011145 0.024823
 0.958208 0.031346 0.010212 0.000234
 0.022201 0.047821 0.000162 0.929816
 0.040958 0.932975 0.000162 0.025905
 0.005725 0.000162 0.060569 0.933543
 0.220869 0.009378 0.741381 0.028373
 0.023259 0.092590 0.000162 0.883988
 0.897483 0.027714 0.046053 0.028750
 0.970339 0.022128 0.007299 0.000234
 0.936065 0.016637 0.041572 0.005725
 0.920499 0.005654 0.036938 0.036909
 0.024817 0.039384 0.055080 0.880718

MOTIF 36-TAATAATAATAA STREME-36
letter-probability matrix: alength= 4 w= 12 nsites= 578 P= 5.7e-004
 0.000133 0.000092 0.000092 0.999682
 0.955353 0.000092 0.044421 0.000133
 0.870769 0.129005 0.000092 0.000133
 0.000133 0.108580 0.000092 0.891194
 0.786499 0.012893 0.101507 0.099101
 0.849164 0.029178 0.038639 0.083019
 0.000133 0.000092 0.000092 0.999682
 0.968407 0.000092 0.031367 0.000133
 0.785282 0.042999 0.171586 0.000133
 0.066335 0.159537 0.000092 0.774036
 0.926981 0.000092 0.000092 0.072834
 0.544310 0.161561 0.079527 0.214602

MOTIF 37-GAAATGCAAATCAAAACC STREME-37
letter-probability matrix: alength= 4 w= 18 nsites= 189 P= 7.6e-004
 0.049194 0.014177 0.894421 0.042209
 0.950393 0.035132 0.014177 0.000297
 0.936423 0.007192 0.028148 0.028238
 0.999290 0.000207 0.000207 0.000297
 0.035223 0.000207 0.014177 0.950393
 0.063164 0.007192 0.915377 0.014268
 0.000297 0.901407 0.035132 0.063164
 0.957378 0.021162 0.000207 0.021253
 0.978334 0.000207 0.021162 0.000297
 0.922453 0.021162 0.042118 0.014268
 0.028238 0.077044 0.028147 0.866571
 0.021253 0.726758 0.007192 0.244798
 0.978334 0.007192 0.007192 0.007282
 0.950393 0.000207 0.035132 0.014268
 0.971349 0.014177 0.007192 0.007282
 0.908483 0.028147 0.042118 0.021253
 0.028238 0.873466 0.014177 0.084119
 0.070149 0.705822 0.014177 0.209852

MOTIF 38-AATATTTATTGA STREME-38
letter-probability matrix: alength= 4 w= 12 nsites= 344 P= 9.1e-004
 0.885790 0.043802 0.037797 0.032611
 0.906716 0.034856 0.058214 0.000213
 0.000213 0.329191 0.000148 0.670448
 0.903459 0.000148 0.096179 0.000213
 0.020984 0.094421 0.012258 0.872337
 0.000213 0.000148 0.000148 0.999490
 0.000213 0.058356 0.017502 0.923929
 0.779809 0.000148 0.219830 0.000213
 0.000213 0.087215 0.000148 0.912424
 0.000213 0.017272 0.000148 0.982366
 0.076927 0.000148 0.922711 0.000213
 0.905205 0.000148 0.055904 0.038743

MOTIF 39-ACAACATGGATGAACCTTGA STREME-39
letter-probability matrix: alength= 4 w= 20 nsites= 181 P= 1.2e-003
 0.845645 0.000189 0.109063 0.045103
 0.013081 0.871179 0.012998 0.102742
 0.922497 0.000189 0.045020 0.032294
 0.864858 0.000189 0.102658 0.032294
 0.006677 0.928818 0.000189 0.064316
 0.845645 0.012998 0.064232 0.077124
 0.000273 0.109064 0.000189 0.890474
 0.192403 0.012998 0.762305 0.032294
 0.160381 0.019402 0.800731 0.019485
 0.916093 0.019402 0.045020 0.019485
 0.000273 0.064232 0.006594 0.928901
 0.262849 0.006594 0.723880 0.006677
 0.884071 0.019402 0.083445 0.013081
 0.864858 0.045020 0.077041 0.013081
 0.089933 0.659837 0.032211 0.218019
 0.032294 0.871179 0.000189 0.096337
 0.025890 0.057828 0.025807 0.890475
 0.019485 0.173106 0.141084 0.666325
 0.218019 0.051424 0.698263 0.032294
 0.928901 0.012998 0.025807 0.032294

MOTIF 40-CTGCCTTC STREME-40
letter-probability matrix: alength= 4 w= 8 nsites= 4695 P= 1.8e-003
 0.000330 0.944428 0.000230 0.055012
 0.000330 0.149027 0.002532 0.848110
 0.019064 0.000230 0.980376 0.000330
 0.040453 0.795570 0.050664 0.113313
 0.000330 0.909622 0.040863 0.049185
 0.000330 0.000230 0.003478 0.995962
 0.000330 0.300388 0.000230 0.699052
 0.000330 0.876620 0.046366 0.076684

MOTIF 41-TGAGGCCTCCCCAGCC STREME-41
letter-probability matrix: alength= 4 w= 16 nsites= 91 P= 1.9e-003
 0.000538 0.050911 0.000374 0.948178
 0.025806 0.013008 0.960648 0.000538
 0.922909 0.000374 0.063545 0.013172
 0.038440 0.013008 0.935380 0.013172
 0.076344 0.000374 0.897477 0.025806
 0.025806 0.935380 0.013008 0.025806
 0.013172 0.922745 0.000374 0.063710
 0.013172 0.000374 0.000374 0.986081
 0.000538 0.910110 0.013008 0.076345
 0.025806 0.859574 0.000374 0.114246
 0.000538 0.960648 0.013008 0.025806
 0.000538 0.960648 0.000374 0.038441
 0.973447 0.013008 0.013008 0.000538
 0.038440 0.013008 0.935380 0.013172
 0.025806 0.872208 0.038276 0.063709
 0.038441 0.897477 0.025642 0.038440

MOTIF 42-CCCATGATYCAATYACCTC STREME-42
letter-probability matrix: alength= 4 w= 19 nsites= 86 P= 1.9e-003
 0.065364 0.842964 0.013346 0.078327
 0.026477 0.765189 0.026308 0.182026
 0.013514 0.830001 0.026308 0.130176
 0.894982 0.000383 0.104083 0.000552
 0.000552 0.052233 0.039271 0.907944
 0.078327 0.013346 0.907776 0.000552
 0.998682 0.000383 0.000383 0.000552
 0.013514 0.233708 0.000383 0.752395
 0.026477 0.389259 0.013346 0.570918
 0.013514 0.804076 0.000383 0.182026
 0.959794 0.039271 0.000383 0.000552
 0.882019 0.000383 0.117046 0.000552
 0.065364 0.000383 0.000383 0.933869
 0.013514 0.428147 0.013346 0.544993
 0.959794 0.026308 0.013346 0.000552
 0.000552 0.778150 0.000383 0.220915
 0.000552 0.972588 0.000383 0.026477
 0.026477 0.026308 0.000383 0.946832
 0.039439 0.881851 0.026308 0.052402

MOTIF 43-CAAATCTCATCTTGAA STREME-43
letter-probability matrix: alength= 4 w= 16 nsites= 65 P= 1.9e-003
 0.089811 0.873284 0.000527 0.036379
 0.980378 0.018337 0.000527 0.000758
 0.944757 0.018337 0.000527 0.036379
 0.944757 0.000527 0.036148 0.018568
 0.054190 0.000527 0.000527 0.944757
 0.018568 0.891094 0.000527 0.089811
 0.018568 0.000527 0.000527 0.980378
 0.036379 0.891094 0.000527 0.072000
 0.962568 0.018337 0.018337 0.000758
 0.036379 0.036148 0.000527 0.926947
 0.054189 0.695175 0.232067 0.018568
 0.000758 0.018337 0.000527 0.980378
 0.000758 0.018337 0.000527 0.980378
 0.018568 0.000527 0.962336 0.018568
 0.962568 0.000527 0.036148 0.000758
 0.944757 0.000527 0.018337 0.036379

MOTIF 44-TATRTCTTCTTTTGAGAA STREME-44
letter-probability matrix: alength= 4 w= 18 nsites= 153 P= 2.1e-003
 0.058217 0.094315 0.000214 0.847254
 0.883448 0.021929 0.021929 0.072693
 0.029262 0.000214 0.000214 0.970310
 0.340519 0.007453 0.630005 0.022023
 0.000308 0.021929 0.036406 0.941356
 0.000308 0.926785 0.014691 0.058216
 0.029262 0.007453 0.021929 0.941356
 0.000308 0.058122 0.000214 0.941356
 0.058216 0.897831 0.000214 0.043739
 0.007547 0.043645 0.000214 0.948595
 0.007547 0.014691 0.014691 0.963071
 0.000308 0.000214 0.000214 0.999264
 0.058216 0.000214 0.296992 0.644578
 0.101646 0.021929 0.876116 0.000308
 0.854495 0.014691 0.014691 0.116123
 0.174033 0.021929 0.789252 0.014785
 0.992025 0.000214 0.007453 0.000308
 0.919641 0.036406 0.029168 0.014785

MOTIF 45-CAAAGGAYATGAAYAGAC STREME-45
letter-probability matrix: alength= 4 w= 18 nsites= 173 P= 3.9e-003
 0.005953 0.959378 0.017297 0.017372
 0.936614 0.017297 0.017297 0.028791
 0.982291 0.000169 0.011588 0.005953
 0.953743 0.005878 0.028717 0.011662
 0.268591 0.017297 0.622515 0.091596
 0.074467 0.000169 0.879445 0.045919
 0.936614 0.023007 0.017297 0.023081
 0.005953 0.639644 0.023007 0.331397
 0.571204 0.177165 0.011588 0.240044
 0.005953 0.028717 0.005878 0.959453
 0.103015 0.028717 0.839478 0.028791
 0.959453 0.005878 0.034426 0.000243
 0.845261 0.005878 0.062974 0.085886
 0.028791 0.576839 0.057264 0.337106
 0.885228 0.000169 0.028717 0.085887
 0.045919 0.085812 0.833768 0.034500
 0.862390 0.000169 0.097231 0.040210
 0.017372 0.719577 0.005878 0.257173

MOTIF 46-AGCAYATGAAAARATGCTC STREME-46
letter-probability matrix: alength= 4 w= 19 nsites= 94 P= 3.9e-003
 0.904847 0.000347 0.094305 0.000500
 0.235395 0.000347 0.740268 0.023989
 0.047479 0.693289 0.023837 0.235395
 0.904847 0.023837 0.070816 0.000500
 0.000500 0.622820 0.000347 0.376333
 0.893103 0.023837 0.059071 0.023989
 0.012245 0.047326 0.000347 0.940082
 0.141437 0.012092 0.834226 0.012245
 0.928337 0.000347 0.070816 0.000500
 0.951826 0.000347 0.047326 0.000500
 0.987061 0.000347 0.012092 0.000500
 0.916592 0.000347 0.059071 0.023989
 0.329353 0.035582 0.540607 0.094458
 0.869613 0.000347 0.106050 0.023989
 0.059224 0.070816 0.000347 0.869613
 0.070968 0.000347 0.834226 0.094458
 0.000500 0.740268 0.047326 0.211906
 0.012245 0.035582 0.000347 0.951826
 0.023989 0.881205 0.035582 0.059224

MOTIF 47-ATCAGATCTCRTGAGA STREME-47
letter-probability matrix: alength= 4 w= 16 nsites= 70 P= 3.9e-003
 0.998086 0.000556 0.000556 0.000801
 0.019616 0.075818 0.019372 0.885193
 0.000801 0.979027 0.000556 0.019616
 0.960455 0.000556 0.019372 0.019616
 0.019616 0.019372 0.960211 0.000801
 0.885193 0.038187 0.057003 0.019616
 0.000801 0.000556 0.000556 0.998086
 0.000801 0.979027 0.019372 0.000801
 0.000801 0.019372 0.000556 0.979271
 0.000801 0.809671 0.000556 0.188972
 0.565312 0.057004 0.320437 0.057247
 0.019616 0.000556 0.019372 0.960455
 0.057247 0.000556 0.941396 0.000801
 0.960455 0.000556 0.019372 0.019616
 0.019616 0.000556 0.979027 0.000801
 0.941640 0.000556 0.019372 0.038432

MOTIF 48-CAAGTTACTTA STREME-48
letter-probability matrix: alength= 4 w= 11 nsites= 71 P= 3.9e-003
 0.000659 0.972247 0.026435 0.000659
 0.951984 0.000458 0.015938 0.031620
 0.961039 0.000458 0.037844 0.000659
 0.000659 0.024307 0.974376 0.000659
 0.000659 0.121676 0.000458 0.877207
 0.043860 0.000458 0.000458 0.955225
 0.828130 0.000458 0.170754 0.000659
 0.045647 0.903811 0.049883 0.000659
 0.031274 0.142769 0.000458 0.825498
 0.024508 0.000458 0.000458 0.974577
 0.938929 0.029339 0.031073 0.000659

MOTIF 49-AGAAACAGAA STREME-49
letter-probability matrix: alength= 4 w= 10 nsites= 1087 P= 4.5e-003
 0.942499 0.024767 0.028340 0.004394
 0.000348 0.011103 0.916513 0.072036
 0.916408 0.031148 0.036479 0.015964
 0.895760 0.003369 0.070238 0.030633
 0.852722 0.052848 0.079147 0.015284
 0.000348 0.883724 0.054021 0.061907
 0.910745 0.035818 0.013960 0.039477
 0.018778 0.034793 0.945793 0.000635
 0.962572 0.007476 0.015791 0.014161
 0.883222 0.075651 0.022219 0.018908

MOTIF 50-GTGCCAGGCACTGTKCT STREME-50
letter-probability matrix: alength= 4 w= 17 nsites= 368 P= 4.6e-003
 0.178286 0.015449 0.787705 0.018561
 0.009346 0.046165 0.040022 0.904467
 0.089208 0.027736 0.842994 0.040062
 0.021632 0.821493 0.015449 0.141426
 0.009346 0.801788 0.012377 0.176489
 0.854046 0.018521 0.041297 0.086137
 0.122996 0.015449 0.836851 0.024704
 0.141426 0.033879 0.760060 0.064635
 0.055420 0.799991 0.030807 0.113781
 0.766243 0.113741 0.092240 0.027775
 0.033919 0.824564 0.000091 0.141426
 0.058492 0.086097 0.021592 0.833819
 0.169071 0.055380 0.747773 0.027775
 0.056695 0.058452 0.150601 0.734252
 0.138354 0.030807 0.535830 0.295008
 0.024704 0.778490 0.092240 0.104566
 0.132211 0.150601 0.015449 0.701739

MOTIF 51-ATTTTTAAAA STREME-51
letter-probability matrix: alength= 4 w= 10 nsites= 1325 P= 4.8e-003
 0.795531 0.121494 0.082661 0.000315
 0.046827 0.018164 0.000219 0.934791
 0.015533 0.000219 0.000219 0.984030
 0.160859 0.000219 0.006763 0.832160
 0.000315 0.000219 0.010139 0.989328
 0.000315 0.000219 0.000219 0.999248
 0.748889 0.000219 0.000219 0.250673
 0.936428 0.063038 0.000219 0.000315
 0.968866 0.000219 0.000219 0.030696
 0.852477 0.000219 0.056029 0.091275

MOTIF 52-ACACAGCCAAACCATATCA STREME-52
letter-probability matrix: alength= 4 w= 19 nsites= 73 P= 7.8e-003
 0.998485 0.000440 0.000440 0.000634
 0.000634 0.953613 0.000440 0.045312
 0.953807 0.000440 0.045119 0.000634
 0.075098 0.611077 0.253620 0.060205
 0.968700 0.000440 0.015333 0.015527
 0.045312 0.000440 0.819578 0.134669
 0.045312 0.834471 0.000440 0.119777
 0.000634 0.968506 0.030226 0.000634
 0.938914 0.030226 0.015333 0.015527
 0.924021 0.015333 0.045119 0.015527
 0.968700 0.000440 0.015333 0.015527
 0.000634 0.894042 0.030226 0.075098
 0.015527 0.834469 0.000440 0.149563
 0.924021 0.000440 0.045119 0.030420
 0.000634 0.000440 0.000440 0.998485
 0.879341 0.015333 0.089799 0.015527
 0.030420 0.030226 0.045119 0.894235
 0.015527 0.894042 0.000440 0.089991
 0.983592 0.000440 0.000440 0.015527

MOTIF 53-ATCTCATTTAATC STREME-53
letter-probability matrix: alength= 4 w= 13 nsites= 81 P= 7.8e-003
 0.957650 0.014057 0.014057 0.014235
 0.055197 0.006070 0.000404 0.938329
 0.014235 0.984780 0.000404 0.000581
 0.000581 0.014057 0.027711 0.957650
 0.027889 0.934561 0.014057 0.023493
 0.957650 0.027711 0.014057 0.000581
 0.000581 0.000404 0.000404 0.998611
 0.041543 0.027711 0.000404 0.930342
 0.014235 0.041366 0.014057 0.930342
 0.862072 0.027711 0.082328 0.027889
 0.875727 0.055019 0.014057 0.055197
 0.000581 0.068673 0.000404 0.930342
 0.000581 0.752650 0.014057 0.232711

MOTIF 54-TAATAGCCATTCTGACTGG STREME-54
letter-probability matrix: alength= 4 w= 19 nsites= 55 P= 7.8e-003
 0.000903 0.064261 0.021839 0.912997
 0.870573 0.021839 0.106685 0.000903
 0.849364 0.000627 0.149106 0.000903
 0.000903 0.043050 0.000627 0.955420
 0.828151 0.064263 0.085472 0.022114
 0.000903 0.021839 0.912722 0.064537
 0.000903 0.997567 0.000627 0.000903
 0.022114 0.976356 0.000627 0.000903
 0.912997 0.021839 0.043050 0.022114
 0.000903 0.043050 0.021839 0.934209
 0.043325 0.064261 0.000627 0.891786
 0.022114 0.912722 0.043050 0.022114
 0.022114 0.021839 0.000627 0.955420
 0.276651 0.021839 0.615763 0.085748
 0.976631 0.000627 0.000627 0.022114
 0.043326 0.849088 0.000627 0.106959
 0.106959 0.000627 0.021839 0.870575
 0.064537 0.000627 0.870299 0.064537
 0.064537 0.021839 0.849088 0.064537

MOTIF 55-AGTGAAATAAGCCAGWC STREME-55
letter-probability matrix: alength= 4 w= 17 nsites= 115 P= 1.1e-002
 0.904831 0.009700 0.037963 0.047506
 0.047506 0.019121 0.914130 0.019243
 0.019243 0.000279 0.000279 0.980200
 0.094611 0.047384 0.857604 0.000401
 0.980200 0.000279 0.009700 0.009822
 0.914252 0.056805 0.019121 0.009822
 0.867147 0.028542 0.066226 0.038085
 0.056927 0.019121 0.160437 0.763516
 0.942516 0.009700 0.047384 0.000401
 0.951937 0.009700 0.019121 0.019243
 0.075769 0.019121 0.876446 0.028664
 0.009822 0.904709 0.009700 0.075769
 0.075769 0.819919 0.019121 0.085191
 0.914252 0.028542 0.047384 0.009822
 0.104033 0.019121 0.876446 0.000401
 0.396085 0.075647 0.075647 0.452620
 0.047506 0.791655 0.028542 0.132296

MOTIF 56-AACAACCCMATTAAAAAR STREME-56
letter-probability matrix: alength= 4 w= 18 nsites= 132 P= 1.1e-002
 0.926089 0.000240 0.073325 0.000346
 0.974813 0.000240 0.000240 0.024707
 0.032828 0.682368 0.000240 0.284564
 0.958571 0.000240 0.000240 0.040948
 0.917969 0.000240 0.057084 0.024707
 0.138395 0.633645 0.000240 0.227720
 0.040948 0.885381 0.000240 0.073430
 0.146515 0.771694 0.000240 0.081551
 0.308925 0.503716 0.024602 0.162757
 0.982933 0.000240 0.016481 0.000346
 0.040948 0.024602 0.008361 0.926089
 0.114033 0.065204 0.138290 0.682473
 0.820522 0.000240 0.081445 0.097792
 0.958571 0.008361 0.000240 0.032828
 0.869246 0.000240 0.081445 0.049069
 0.853005 0.057084 0.008361 0.081551
 0.877366 0.040843 0.032722 0.049069
 0.430734 0.032722 0.414391 0.122153

MOTIF 57-AGCTACTCGGG STREME-57
letter-probability matrix: alength= 4 w= 11 nsites= 107 P= 1.1e-002
 0.962574 0.024489 0.000357 0.012580
 0.012580 0.012423 0.974484 0.000514
 0.000514 0.998616 0.000357 0.000514
 0.012580 0.036556 0.000357 0.950507
 0.974640 0.000357 0.024489 0.000514
 0.024646 0.974483 0.000357 0.000514
 0.012580 0.024489 0.000357 0.962574
 0.024646 0.769332 0.000357 0.205665
 0.252584 0.000357 0.676188 0.070871
 0.000514 0.000357 0.998616 0.000514
 0.000514 0.000357 0.998616 0.000514

MOTIF 58-CAGCCTGGGCAAC STREME-58
letter-probability matrix: alength= 4 w= 13 nsites= 76 P= 1.1e-002
 0.000752 0.962624 0.018197 0.018427
 0.998202 0.000523 0.000523 0.000752
 0.000752 0.000523 0.997973 0.000752
 0.000752 0.955288 0.007858 0.036102
 0.008088 0.955288 0.000523 0.036102
 0.018427 0.000523 0.000523 0.980528
 0.018427 0.018197 0.944949 0.018427
 0.030412 0.000523 0.950638 0.018427
 0.030412 0.212646 0.748854 0.008088
 0.008088 0.955288 0.035872 0.000752
 0.902491 0.007858 0.071224 0.018427
 0.892153 0.035872 0.035872 0.036102
 0.071453 0.874248 0.035872 0.018427

MOTIF 59-TGATGACA STREME-59
letter-probability matrix: alength= 4 w= 8 nsites= 1437 P= 1.1e-002
 0.000629 0.208565 0.122810 0.667995
 0.000629 0.000437 0.998304 0.000629
 0.998496 0.000437 0.000437 0.000629
 0.000629 0.055914 0.000437 0.943019
 0.000629 0.000437 0.998304 0.000629
 0.873031 0.000437 0.000437 0.126094
 0.000629 0.937978 0.000437 0.060955
 0.784431 0.022805 0.070469 0.122296

MOTIF 60-ATTTGGGGA STREME-60
letter-probability matrix: alength= 4 w= 9 nsites= 170 P= 1.1e-002
 0.935909 0.018636 0.018636 0.026818
 0.026818 0.018636 0.018636 0.935909
 0.026818 0.018636 0.018636 0.935909
 0.026818 0.018636 0.018636 0.935909
 0.026818 0.018636 0.927727 0.026818
 0.026818 0.018636 0.927727 0.026818
 0.026818 0.018636 0.927727 0.026818
 0.026818 0.018636 0.927727 0.026818
 0.935909 0.018636 0.018636 0.026818

MOTIF 61-HAACCACA STREME-61
letter-probability matrix: alength= 4 w= 8 nsites= 1114 P= 1.2e-002
 0.399803 0.230237 0.000472 0.369488
 0.998376 0.000472 0.000472 0.000679
 0.998376 0.000472 0.000472 0.000679
 0.000679 0.998169 0.000472 0.000679
 0.000679 0.982203 0.016438 0.000679
 0.998376 0.000472 0.000472 0.000679
 0.000679 0.998169 0.000472 0.000679
 0.750101 0.000472 0.248747 0.000679

MOTIF 62-AGGGTTTC STREME-62
letter-probability matrix: alength= 4 w= 8 nsites= 310 P= 1.3e-002
 0.935909 0.018636 0.018636 0.026818
 0.026818 0.018636 0.927727 0.026818
 0.026818 0.018636 0.927727 0.026818
 0.026818 0.018636 0.927727 0.026818
 0.026818 0.018636 0.018636 0.935909
 0.026818 0.018636 0.018636 0.935909
 0.026818 0.018636 0.018636 0.935909
 0.026818 0.927727 0.018636 0.026818

MOTIF 63-AGCAGCAGCA STREME-63
letter-probability matrix: alength= 4 w= 10 nsites= 496 P= 1.5e-002
 0.898417 0.022526 0.034881 0.044175
 0.000589 0.055129 0.879886 0.064397
 0.043800 0.947035 0.000409 0.008756
 0.901491 0.004172 0.040603 0.053734
 0.020673 0.000409 0.960305 0.018613
 0.109293 0.879281 0.000409 0.011017
 0.960585 0.002287 0.023203 0.013925
 0.033984 0.000409 0.954912 0.010695
 0.000589 0.928980 0.000409 0.070022
 0.889308 0.013767 0.027936 0.068989

MOTIF 64-AGAGTAAACAGACAA STREME-64
letter-probability matrix: alength= 4 w= 15 nsites= 72 P= 1.6e-002
 0.991299 0.000498 0.000498 0.007705
 0.000717 0.051011 0.856379 0.091893
 0.981450 0.000498 0.017336 0.000717
 0.017554 0.000498 0.964393 0.017554
 0.000717 0.202552 0.000498 0.796234
 0.806082 0.000498 0.175865 0.017554
 0.998287 0.000498 0.000498 0.000717
 0.981450 0.000498 0.017336 0.000717
 0.091893 0.873217 0.017336 0.017554
 0.998287 0.000498 0.000498 0.000717
 0.017554 0.000498 0.981231 0.000717
 0.745719 0.000498 0.101526 0.152257
 0.192919 0.688002 0.000498 0.118581
 0.930937 0.000498 0.034173 0.034392
 0.930936 0.051011 0.000498 0.017554

MOTIF 65-ATGTCTTTATYAGCAGCRTG STREME-65
letter-probability matrix: alength= 4 w= 20 nsites= 53 P= 1.6e-002
 0.931294 0.000655 0.000655 0.067395
 0.000943 0.022806 0.000655 0.975596
 0.067395 0.000655 0.931007 0.000943
 0.000943 0.022806 0.000655 0.975596
 0.000943 0.908856 0.044957 0.045244
 0.000943 0.111410 0.022806 0.864842
 0.000943 0.000655 0.000655 0.997747
 0.000943 0.000655 0.000655 0.997747
 0.754087 0.044957 0.044957 0.155999
 0.000943 0.022806 0.177862 0.798389
 0.000943 0.421530 0.022806 0.554722
 0.931294 0.000655 0.022806 0.045244
 0.000943 0.000655 0.997459 0.000943
 0.000943 0.842403 0.044957 0.111697
 0.953445 0.000655 0.044957 0.000943
 0.266753 0.000655 0.687347 0.045244
 0.000943 0.709495 0.000655 0.288907
 0.643329 0.000655 0.332922 0.023094
 0.000943 0.067108 0.000655 0.931294
 0.045244 0.044957 0.886705 0.023094

MOTIF 66-CATGAGAACAGCAT STREME-66
letter-probability matrix: alength= 4 w= 14 nsites= 50 P= 1.6e-002
 0.000946 0.975216 0.022892 0.000946
 0.966277 0.009885 0.022892 0.000946
 0.023180 0.245234 0.045126 0.686460
 0.000946 0.000658 0.997450 0.000946
 0.975504 0.000658 0.000658 0.023180
 0.067649 0.000658 0.930747 0.000946
 0.997739 0.000658 0.000658 0.000946
 0.953270 0.022892 0.022892 0.000946
 0.023180 0.908514 0.022892 0.045414
 0.975504 0.000658 0.022892 0.000946
 0.045414 0.000658 0.930748 0.023180
 0.010174 0.765870 0.022892 0.201065
 0.908802 0.000658 0.067360 0.023180
 0.000946 0.022892 0.000658 0.975504

MOTIF 67-GGGTACATGTGCACAA STREME-67
letter-probability matrix: alength= 4 w= 16 nsites= 63 P= 1.6e-002
 0.051442 0.000500 0.896617 0.051442
 0.017627 0.034315 0.845895 0.102164
 0.169794 0.034315 0.778265 0.017627
 0.051442 0.000500 0.000500 0.947558
 0.981373 0.000500 0.017407 0.000720
 0.017627 0.862802 0.034315 0.085256
 0.863022 0.017407 0.017407 0.102164
 0.000720 0.017407 0.034315 0.947558
 0.017627 0.000500 0.964246 0.017627
 0.017627 0.000500 0.000500 0.981373
 0.068349 0.000500 0.828987 0.102164
 0.102164 0.795173 0.068129 0.034534
 0.829207 0.017407 0.000500 0.152886
 0.051442 0.643006 0.304833 0.000720
 0.879929 0.000500 0.101944 0.017627
 0.795392 0.000500 0.017407 0.186701

MOTIF 68-AAATGTCCATCARY STREME-68
letter-probability matrix: alength= 4 w= 14 nsites= 87 P= 1.9e-002
 0.964390 0.000340 0.011820 0.023450
 0.929947 0.057744 0.011820 0.000489
 0.879258 0.000340 0.108433 0.011969
 0.000489 0.023301 0.000340 0.975871
 0.098543 0.023301 0.877667 0.000489
 0.000489 0.207002 0.000340 0.792170
 0.011969 0.872394 0.034782 0.080855
 0.034931 0.918317 0.000340 0.046413
 0.975870 0.000340 0.000340 0.023451
 0.000489 0.011820 0.000340 0.987351
 0.011969 0.987202 0.000340 0.000489
 0.975871 0.000340 0.011820 0.011969
 0.580752 0.000340 0.372496 0.046412
 0.000489 0.521749 0.011820 0.465942

MOTIF 69-ACAGAGTGAGAT STREME-69
letter-probability matrix: alength= 4 w= 12 nsites= 86 P= 1.9e-002
 0.984765 0.000477 0.003580 0.011179
 0.003789 0.980305 0.008533 0.007373
 0.966137 0.000477 0.032701 0.000686
 0.032910 0.064927 0.858327 0.043835
 0.901687 0.048813 0.000477 0.049023
 0.025508 0.010267 0.944323 0.019902
 0.081250 0.032701 0.016589 0.869461
 0.032910 0.005303 0.928878 0.032910
 0.972458 0.016589 0.003580 0.007373
 0.003378 0.003580 0.992356 0.000686
 0.890760 0.027514 0.000477 0.081250
 0.016798 0.288279 0.034990 0.659933

MOTIF 70-GAGGTTGCAGTGA STREME-70
letter-probability matrix: alength= 4 w= 13 nsites= 51 P= 1.9e-002
 0.022591 0.000641 0.975846 0.000922
 0.997796 0.000641 0.000641 0.000922
 0.022591 0.000641 0.954177 0.022591
 0.000922 0.022310 0.975846 0.000922
 0.000922 0.152333 0.043979 0.802766
 0.022591 0.000641 0.000641 0.976127
 0.044260 0.000641 0.954177 0.000922
 0.000922 0.975846 0.000641 0.022591
 0.997796 0.000641 0.000641 0.000922
 0.000922 0.022310 0.954177 0.022591
 0.087600 0.022310 0.000641 0.889449
 0.000922 0.022310 0.975846 0.000922
 0.976127 0.000641 0.022310 0.000922

MOTIF 71-GAAAGAAAGAAA STREME-71
letter-probability matrix: alength= 4 w= 12 nsites= 59 P= 1.9e-002
 0.001215 0.000844 0.996726 0.001215
 0.997097 0.000844 0.000844 0.001215
 0.854375 0.000844 0.000844 0.143936
 0.997097 0.000844 0.000844 0.001215
 0.001215 0.000844 0.996726 0.001215
 0.997097 0.000844 0.000844 0.001215
 0.991599 0.000844 0.000844 0.006713
 0.997097 0.000844 0.000844 0.001215
 0.001215 0.000844 0.996726 0.001215
 0.997097 0.000844 0.000844 0.001215
 0.997097 0.000844 0.000844 0.001215
 0.997097 0.000844 0.000844 0.001215

MOTIF 72-AATGAATGAATDA STREME-72
letter-probability matrix: alength= 4 w= 13 nsites= 351 P= 2.2e-002
 0.814425 0.000110 0.185306 0.000159
 0.999621 0.000110 0.000110 0.000159
 0.000159 0.022473 0.000110 0.977258
 0.107988 0.011292 0.880562 0.000159
 0.964916 0.019464 0.015461 0.000159
 0.955080 0.000110 0.039060 0.005749
 0.000159 0.011292 0.000110 0.988440
 0.152219 0.016400 0.798823 0.032558
 0.848675 0.067199 0.083967 0.000159
 0.874884 0.000110 0.121120 0.003886
 0.031246 0.067462 0.027748 0.873545
 0.331779 0.015461 0.398864 0.253896
 0.472631 0.144903 0.223680 0.158786

MOTIF 73-GCRTGAGCCA STREME-73
letter-probability matrix: alength= 4 w= 10 nsites= 112 P= 2.4e-002
 0.000838 0.000582 0.997742 0.000838
 0.000838 0.997742 0.000582 0.000838
 0.527879 0.000582 0.470700 0.000838
 0.000838 0.007880 0.000582 0.990700
 0.000838 0.000582 0.997742 0.000838
 0.967662 0.030918 0.000582 0.000838
 0.000838 0.000582 0.997742 0.000838
 0.000838 0.997742 0.000582 0.000838
 0.000838 0.993949 0.004375 0.000838
 0.992099 0.000582 0.006481 0.000838

MOTIF 74-ATTTCCCC STREME-74
letter-probability matrix: alength= 4 w= 8 nsites= 360 P= 3.1e-002
 0.935909 0.018636 0.018636 0.026818
 0.026818 0.018636 0.018636 0.935909
 0.026818 0.018636 0.018636 0.935909
 0.026818 0.018636 0.018636 0.935909
 0.026818 0.927727 0.018636 0.026818
 0.026818 0.927727 0.018636 0.026818
 0.026818 0.927727 0.018636 0.026818
 0.026818 0.927727 0.018636 0.026818

MOTIF 75-ATTTGCATAT STREME-75
letter-probability matrix: alength= 4 w= 10 nsites= 786 P= 3.1e-002
 0.839739 0.090000 0.029964 0.040297
 0.000381 0.000265 0.000265 0.999090
 0.025719 0.000265 0.025617 0.948400
 0.032177 0.003978 0.000265 0.963581
 0.075053 0.000265 0.924302 0.000381
 0.000381 0.958805 0.000265 0.040550
 0.925031 0.043490 0.005101 0.026378
 0.113223 0.066350 0.000265 0.820161
 0.735537 0.000265 0.146064 0.118135
 0.055937 0.024924 0.036438 0.882700

MOTIF 76-ATAAATTACCCAGTCTYRGGT STREME-76
letter-probability matrix: alength= 4 w= 21 nsites= 111 P= 3.1e-002
 0.843894 0.029372 0.106932 0.019803
 0.010108 0.097237 0.000287 0.892369
 0.989319 0.000287 0.009982 0.000413
 0.969929 0.009982 0.019677 0.000413
 0.960234 0.000287 0.039067 0.000413
 0.000413 0.058457 0.029372 0.911759
 0.000413 0.077847 0.029372 0.892369
 0.911759 0.000287 0.068152 0.019803
 0.000413 0.960108 0.009982 0.029498
 0.000413 0.931023 0.019677 0.048888
 0.029498 0.872853 0.009982 0.087668
 0.960234 0.000287 0.029372 0.010108
 0.029498 0.039067 0.931023 0.000413
 0.019803 0.087542 0.019677 0.872979
 0.010108 0.872853 0.009982 0.107058
 0.029498 0.009982 0.000287 0.960234
 0.068278 0.533523 0.116627 0.281573
 0.475477 0.048762 0.368704 0.107058
 0.116753 0.009982 0.863158 0.010108
 0.068278 0.000287 0.892243 0.039193
 0.000413 0.087542 0.019677 0.892368

MOTIF 77-CCTACAGAATGGGAGA STREME-77
letter-probability matrix: alength= 4 w= 16 nsites= 113 P= 3.1e-002
 0.070965 0.857723 0.023836 0.047477
 0.000500 0.939932 0.023836 0.035732
 0.023988 0.129534 0.000347 0.846130
 0.916596 0.000347 0.070812 0.012244
 0.012244 0.916443 0.000347 0.070965
 0.940084 0.000347 0.023836 0.035733
 0.035732 0.023836 0.916444 0.023988
 0.928340 0.000347 0.035580 0.035732
 0.881363 0.012092 0.082557 0.023988
 0.012244 0.012092 0.000347 0.975317
 0.059221 0.000347 0.928188 0.012244
 0.047476 0.023836 0.916444 0.012244
 0.047476 0.012092 0.916444 0.023988
 0.975317 0.012092 0.012092 0.000500
 0.070966 0.012092 0.881210 0.035732
 0.987061 0.000347 0.000347 0.012244

MOTIF 78-GTAACAAACCTGCACA STREME-78
letter-probability matrix: alength= 4 w= 16 nsites= 67 P= 3.1e-002
 0.085257 0.017407 0.879709 0.017627
 0.000720 0.101946 0.017407 0.879927
 0.846112 0.000500 0.017407 0.135981
 0.981373 0.000500 0.000500 0.017627
 0.000720 0.981153 0.017407 0.000720
 0.896835 0.000500 0.000500 0.102165
 0.964466 0.034315 0.000500 0.000720
 0.964466 0.017407 0.017407 0.000720
 0.000720 0.964246 0.000500 0.034534
 0.017627 0.964246 0.000500 0.017627
 0.017627 0.000500 0.000500 0.981373
 0.034534 0.034315 0.896616 0.034534
 0.000720 0.896615 0.000500 0.102166
 0.930651 0.017407 0.017407 0.034534
 0.017627 0.845894 0.017407 0.119072
 0.643212 0.000500 0.271031 0.085257

MOTIF 79-TAATATCCAGAATMTATAA STREME-79
letter-probability matrix: alength= 4 w= 19 nsites= 185 P= 3.3e-002
 0.000242 0.017199 0.000168 0.982391
 0.709889 0.062616 0.039908 0.187587
 0.749629 0.000168 0.210222 0.039982
 0.000242 0.034231 0.005845 0.959683
 0.976714 0.000168 0.022876 0.000242
 0.057013 0.085325 0.005845 0.851817
 0.017273 0.777941 0.028554 0.176233
 0.057013 0.783618 0.017199 0.142170
 0.965360 0.005845 0.028554 0.000242
 0.142170 0.000168 0.823358 0.034304
 0.851817 0.073971 0.039908 0.034304
 0.902911 0.034231 0.039908 0.022950
 0.039982 0.056939 0.000168 0.902911
 0.477121 0.391896 0.068293 0.062690
 0.011596 0.051262 0.017199 0.919943
 0.840463 0.000168 0.130742 0.028627
 0.017273 0.238610 0.011522 0.732595
 0.834786 0.005845 0.079648 0.079721
 0.942651 0.011522 0.028554 0.017273

MOTIF 80-GACTAATAC STREME-80
letter-probability matrix: alength= 4 w= 9 nsites= 63 P= 3.3e-002
 0.026818 0.018636 0.927727 0.026818
 0.935909 0.018636 0.018636 0.026818
 0.026818 0.927727 0.018636 0.026818
 0.026818 0.018636 0.018636 0.935909
 0.935909 0.018636 0.018636 0.026818
 0.935909 0.018636 0.018636 0.026818
 0.026818 0.018636 0.018636 0.935909
 0.935909 0.018636 0.018636 0.026818
 0.026818 0.927727 0.018636 0.026818

MOTIF 81-GGTCCCTCCCAYRACAYRTGG STREME-81
letter-probability matrix: alength= 4 w= 21 nsites= 72 P= 3.5e-002
 0.031354 0.000454 0.936837 0.031354
 0.077406 0.031155 0.890786 0.000653
 0.016004 0.061856 0.015805 0.906336
 0.031354 0.829384 0.015805 0.123457
 0.000653 0.967538 0.000454 0.031354
 0.000653 0.906136 0.000454 0.092756
 0.062056 0.000454 0.077207 0.860284
 0.016004 0.890786 0.000454 0.092756
 0.016004 0.875435 0.000454 0.108107
 0.000653 0.890786 0.015805 0.092756
 0.706779 0.031155 0.031155 0.230911
 0.046705 0.583775 0.000454 0.369066
 0.399768 0.092557 0.445620 0.062055
 0.906336 0.000454 0.092557 0.000653
 0.046705 0.906136 0.000454 0.046705
 0.921686 0.046506 0.000454 0.031354
 0.016004 0.445620 0.077207 0.461170
 0.323015 0.061856 0.583775 0.031354
 0.031354 0.031155 0.077207 0.860284
 0.046705 0.000454 0.921486 0.031354
 0.062055 0.000454 0.921487 0.016004

MOTIF 82-AACCWAGATG STREME-82
letter-probability matrix: alength= 4 w= 10 nsites= 91 P= 3.5e-002
 0.997797 0.000641 0.000641 0.000922
 0.997797 0.000641 0.000641 0.000922
 0.000922 0.997516 0.000641 0.000922
 0.000922 0.850452 0.147704 0.000922
 0.645238 0.000641 0.000641 0.353481
 0.902183 0.096255 0.000641 0.000922
 0.000922 0.000641 0.997516 0.000922
 0.997797 0.000641 0.000641 0.000922
 0.000922 0.089284 0.000641 0.909154
 0.000922 0.000641 0.997516 0.000922

MOTIF 83-AAGTCCAAGATC STREME-83
letter-probability matrix: alength= 4 w= 12 nsites= 40 P= 3.5e-002
 0.996735 0.000949 0.000949 0.001366
 0.996735 0.000949 0.000949 0.001366
 0.001366 0.000949 0.996318 0.001366
 0.001366 0.000949 0.000949 0.996735
 0.033468 0.964216 0.000949 0.001366
 0.001366 0.803694 0.000949 0.193990
 0.964633 0.000949 0.033052 0.001366
 0.996735 0.000949 0.000949 0.001366
 0.001366 0.000949 0.996318 0.001366
 0.996735 0.000949 0.000949 0.001366
 0.001366 0.000949 0.000949 0.996735
 0.001366 0.996318 0.000949 0.001366

MOTIF 84-AAATATTTA STREME-84
letter-probability matrix: alength= 4 w= 9 nsites= 3248 P= 3.8e-002
 0.999360 0.000186 0.000186 0.000268
 0.800091 0.048001 0.000186 0.151722
 0.743781 0.013572 0.226065 0.016582
 0.000268 0.000186 0.000186 0.999360
 0.945012 0.000186 0.054534 0.000268
 0.046567 0.136118 0.000186 0.817129
 0.053706 0.021611 0.019855 0.904828
 0.060218 0.033908 0.000186 0.905689
 0.694948 0.000186 0.236044 0.068822

MOTIF 85-AGAAATGA STREME-85
letter-probability matrix: alength= 4 w= 8 nsites= 4106 P= 4.9e-002
 0.872097 0.079162 0.019013 0.029727
 0.000417 0.045360 0.927070 0.027152
 0.925220 0.031783 0.028992 0.014005
 0.881910 0.000290 0.117382 0.000417
 0.926437 0.000290 0.072855 0.000417
 0.000417 0.170287 0.000290 0.829005
 0.243444 0.000290 0.680780 0.075486
 0.759666 0.211567 0.000290 0.028477

MOTIF 86-AGGATGTGGAGAAAADGGA STREME-86
letter-probability matrix: alength= 4 w= 19 nsites= 109 P= 5.5e-002
 0.969028 0.000295 0.000295 0.030382
 0.060338 0.030252 0.869042 0.040367
 0.070324 0.000295 0.928956 0.000425
 0.679445 0.130108 0.050223 0.140224
 0.000425 0.000295 0.010281 0.988999
 0.120252 0.000295 0.879028 0.000425
 0.050353 0.110137 0.020266 0.819244
 0.250064 0.000295 0.729244 0.020396
 0.040367 0.030252 0.908985 0.020396
 0.939071 0.000295 0.010281 0.050353
 0.100281 0.070194 0.829100 0.000425
 0.839215 0.150080 0.000295 0.010411
 0.959042 0.020266 0.010281 0.010411
 0.829229 0.060209 0.110137 0.000425
 0.489719 0.219979 0.080180 0.210122
 0.329950 0.030252 0.319834 0.319963
 0.170180 0.010281 0.759201 0.060338
 0.010411 0.040238 0.938941 0.010411
 0.959042 0.030252 0.010281 0.000425

MOTIF 87-AGTGCAGTGG STREME-87
letter-probability matrix: alength= 4 w= 10 nsites= 347 P= 5.9e-002
 0.950142 0.049062 0.000326 0.000470
 0.171102 0.108454 0.719975 0.000470
 0.000470 0.000326 0.087913 0.911291
 0.000470 0.000326 0.919103 0.080101
 0.074361 0.924843 0.000326 0.000470
 0.875853 0.123350 0.000326 0.000470
 0.000470 0.000326 0.998734 0.000470
 0.000470 0.000326 0.000326 0.998877
 0.217938 0.032341 0.749251 0.000470
 0.083415 0.000326 0.915789 0.000470

MOTIF 88-TAAACTAAARAGCTTCTGC STREME-88
letter-probability matrix: alength= 4 w= 19 nsites= 64 P= 1.2e-001
 0.016776 0.161386 0.016567 0.805271
 0.917908 0.032658 0.000476 0.048958
 0.966181 0.016567 0.016567 0.000685
 0.950090 0.016567 0.032658 0.000685
 0.065049 0.821153 0.016567 0.097231
 0.016776 0.016567 0.000476 0.966181
 0.901817 0.032658 0.064840 0.000685
 0.933999 0.016567 0.048749 0.000685
 0.901817 0.000476 0.048749 0.048958
 0.322508 0.016567 0.628058 0.032867
 0.917908 0.000476 0.016567 0.065049
 0.081140 0.000476 0.901608 0.016776
 0.000685 0.933790 0.032658 0.032867
 0.000685 0.000476 0.000476 0.998363
 0.000685 0.016567 0.048749 0.933999
 0.000685 0.917699 0.000476 0.081140
 0.016776 0.000476 0.000476 0.982272
 0.097232 0.000476 0.885517 0.016776
 0.000685 0.901608 0.000476 0.097232

********************************************************************************
Stopped because 3 consecutive motifs exceeded the p-value threshold (0.05).
********************************************************************************
COMMAND:	streme --p T95R-unique.fa --oc T95R-unique --maxw 21
********************************************************************************
CPU:		GPURTX
********************************************************************************
FINALTIME:	21787.79 seconds
********************************************************************************
