loss
0.5083454847335815
0.4643951683062051
0.44350294820193586
0.42219908447394816
0.4036811912808512
0.38469001962780364
0.36891999356265137
0.35386570830552644
0.3363956961725733
0.32395256428148944
0.3148837188267943
0.3032718039743223
0.29286674748989944
0.28321567494636296
0.2719455553992531
0.2642364522628792
0.2567911072586753
0.24806067318776362
0.24333024614036378
0.2322339384597902
0.23047011185357918
0.2250407490548976
0.2182624478975834
0.21104164488234348
0.2055534060787538
0.20106352265000538
0.19695389946106032
0.19195638178604577
0.1866519193888347
0.18287431124493797
0.1788816365011171
0.1772647059762664
0.17015827609278103
0.16840804100636092
0.16073334213095444
0.16136204700898654
0.15882518805857068
0.15340517639918086
0.15105000293961984
0.14988400205076718
0.14833510261524488
0.14462430407683102
0.14174493903229976
0.13858679649290095
0.1371774540721685
0.13371456762674847
0.13243321676651393
0.12990403988311444
0.12785782167850115
0.12499547536272329
0.12340191011554111
0.12197899845641333
0.11941508209479633
0.1195070059352198
0.1133977938106984
0.11474826377747681
0.1130211276854029
0.11300153561756138
0.10777028910402814
0.10903915551862693
0.10885930995874364
0.10573261223919996
0.10317862927546642
0.10173788882504495
0.09990793635245956
0.10105587171516052
0.09990591953595725
0.09662433973879038
0.094664124396518
0.09658385612826018
0.0956477507312701
0.09117434307747813
0.09122105770513464
0.09148793431206902
0.09037232475832398
0.09103648277605182
0.08870869162851831
0.08472200272733281
0.0866766830589714
0.08501407704262555
0.08672596369441812
0.08226256372486601
0.08524094802160764
0.08060708350527952
0.07955703467179598
0.08013876667322686
0.07901326330089621
0.07767014674022671
0.07842020062715953
0.07571506276894942
0.07674840693660263
0.0776339030879273
0.07581079288803298
0.0748302851672084
0.07160959235004077
0.07228904336726076
0.07693153787335481
0.07089053507976859
0.07004303451817122
0.07199315191437727
0.06759095930743639
0.06906258117610953
0.068550407911738
0.06992484785942131
0.06937491427380622
0.06398495123071721
0.06764607823148755
0.06388881350278683
0.06501136639473534
0.06449425380527117
0.0649513442498251
0.064593892858772
0.0643645979797434
0.06272725647694641
0.06407611801905316
0.061498958732334866
0.06384213944634787
0.06263280724678402
0.06145265237665284
0.061393484060135665
0.057946504109381576
