loss
0.7103662060366737
0.7011512272498187
0.6953020937302533
0.6900629751822528
0.6870904038934147
0.6819467509494108
0.6767635205212761
0.6698860175469342
0.6639663577079773
0.6540631546693689
0.6455923739601584
0.6340257735813365
0.6261632687905255
0.6166822103893056
0.6027922858210171
0.5937289648196277
0.58326175458291
0.5700582423630882
0.5598187201163348
0.5494443791754106
0.5420330026570488
0.5300501322045046
0.5207945511621588
0.5113091328564812
0.5061423918780159
0.49258458789657145
0.4846332774442785
0.47647783160209656
0.4666055405841154
0.46148429898654714
0.44905900429276857
0.4439893487621756
0.43758539943134084
0.4289383747998406
0.4178765258368324
0.41232603437760296
0.4087332399452434
0.3999431361170376
0.39509376532891216
0.3847782436539145
0.37661471261697654
0.37423987949595733
0.36400193326613484
0.3593958572429769
0.35276538747198444
0.3499409424908021
0.3446440512643141
0.3396644855246824
0.32964758925578175
0.32997533591354594
0.32193345883313346
0.31346015982768116
0.3115919284960803
0.30544915181749005
0.3022012403782676
0.2933291468550177
0.2890547829515794
0.2922560081762426
0.2866259471458547
0.2748451276737101
0.2802884464754778
0.27355726589174834
0.2639557614045985
0.2641691206132664
0.2602619931978338
0.2508607778479071
0.25228896912406473
0.2483021327677895
0.24600635030690363
