loss
0.6961289626710555
0.6778626215868983
0.6393108447197036
0.6065029998130986
0.5817155751395108
0.560991971363575
0.5467410820164704
0.5351854377779467
0.5224536745419056
0.514580827188022
0.5028837561020123
0.49130822211650793
0.48288172718339367
0.4737404313287124
0.46603452762946707
0.45621753428957146
0.4475822427443096
0.43656795137915116
0.4310802607407124
0.4222786224681168
0.41333075785284557
0.40516195002154176
0.39769031430406526
0.3899629544007954
0.38353492216817264
0.37870027352436425
0.3712097443823744
0.35971052570296036
0.35989985508578165
0.3523505426245957
0.3474807719438534
