loss
0.7197274711073899
0.6903820022940635
0.6814440757036209
0.6732507884502411
0.6689849197864532
0.6605248436331749
0.6508571162819863
0.6415258303284646
0.6303111329674721
0.6133559793233871
0.598889073729515
0.5831089019775391
0.5646360993385315
0.5445236340165138
0.5307022288441658
0.5131800159811973
0.5006596751511097
0.4879087023437023
0.4730350524187088
0.4623561814427376
0.4484128847718239
0.4348452977836132
0.425421866774559
0.41456022784113883
0.4066287577152252
0.395515725761652
0.3857451602816582
0.3749022126197815
0.36236257031559943
0.3553586684167385
0.34513154029846194
0.34020889177918434
0.3307940363883972
0.32159644886851313
0.31073641702532767
0.30557423308491705
0.2995129682123661
0.2916848253458738
0.2824512492865324
0.27989620380103586
0.2711193796247244
0.261839484423399
0.2624140180647373
0.2547714252024889
0.2506293229758739
0.24280424900352954
0.23820444457232953
0.23309402987360955
0.22840100415050985
0.22055995017290114
0.2151389393955469
0.2123173199594021
0.20932540856301785
0.2058132730424404
0.19853898622095584
0.19165437668561935
0.19041743502020836
0.18629066236317157
0.18106867969036103
0.181118006631732
0.17758991196751595
0.16740815490484237
0.16935099847614765
0.16676930710673332
0.1657266441732645
0.1579397227615118
0.1590032832697034
0.150925799831748
0.1503949947655201
0.14545005485415458
0.14537980668246747
0.14777551740407943
0.14248198512941598
0.13799662459641696
0.13489985167980195
