loss
0.6983943314586945
0.6756377751098096
0.6319030816983251
0.616813823291399
0.6055496431959485
0.5944832472257244
0.5850243219038815
0.5758754074284174
0.5662990852611737
0.5590573633180081
0.5505225254059996
0.5418948282315893
0.5357828100474136
0.5277502123013283
0.5209674906817455
0.5137212471041864
0.509652311940795
0.5040886956945206
0.49756863221381475
0.49247612616101516
0.48811312757649467
0.48649783671191593
0.48106262803945726
0.47358764302962036
0.4728631192040675
0.4683215294792814
