loss
0.4894271492958069
0.26792202545497734
0.2660641029271557
0.2649025611227026
0.26217255297721037
0.260928220071553
0.25987517343926336
0.2587769589709907
0.25745792776295867
0.25545975027043744
0.2546729762232988
0.2540740135067084
0.2529599577763227
0.25203754106402265
0.250789379004624
0.25100121197190034
0.24976260405503684
0.24831136605316387
0.24849973778609555
0.24661863925405317
0.24641101661994047
0.24544265344193592
0.24527290255053658
0.24381444438335462
0.24371269883311078
0.2424195381804361
0.24306640063563512
0.2414783317897771
0.24158528913861257
0.24055723162779064
0.23941166916660764
0.23872320377687412
0.2388747090312258
0.2389873042618772
0.23769825888663396
0.23708606664057788
0.23631775317302495
0.23641969344939465
0.23624885192577233
0.23544017777480353
0.23461876388509162
0.23435031559721037
0.23384257490738286
0.23369774920970773
0.23347232693613315
0.23273736343987556
0.23290219418243044
0.2315284455392241
0.23170034670027662
0.23159859914685021
0.23103444043731503
0.23029625882721833
0.2299701926562734
0.2305373627323288
0.2298774885586337
0.22931665856273728
0.22800946546936626
0.22756282800414204
0.22849967224347228
0.22755162874530363
0.22733330148322559
0.2272474889114902
0.22680658138743057
0.22672494707801086
0.226690935688345
0.22600858722003764
0.224819164855305
0.22496962493814127
0.22474782173479865
0.22407239007339855
0.2233027366078081
0.22366190183517598
0.22418116333659505
0.22322611214995786
0.22316969035461814
0.22324768567629796
0.22212915391208152
0.2230753309559077
0.22167271623379542
0.22205802423854334
0.22154329895767644
0.22161854440262457
0.22131791058193623
0.2213264446797873
0.2204939496309102
0.22035395057855156
0.22048513836600725
0.21978672761428128
0.22015530410902323
0.2190367447239607
0.21902084684519618
0.21954358355687545
0.2188735136527333
0.2188510100487284
0.21875459474075148
0.21800666372711258
0.21869549510773975
0.217434914144981
0.21746996214177022
0.21743008830303512
0.21680000415155748
0.21690918681597723
0.21665456151140872
0.21644258125043297
0.21598499206624724
0.21623938633045098
0.21510251207478545
0.21603658734212486
0.21589599656641717
0.21537709390736176
0.2147861359984958
0.21484049234795174
0.21410027766382103
0.21472863853816782
0.2137926012101407
0.21409797199439626
0.21394627180730774
0.21358809864404402
0.21335700459606308
0.2139769282269602
0.2130626886978175
