loss
0.6786008858018451
0.6283272391234386
0.5953426475070613
0.5806549525144866
0.569031298160553
0.559759217318308
0.5510374706378401
0.5444929906489621
0.5390783989379734
0.5329069017700758
0.5280523722128676
0.523573011532944
0.5189485700389108
0.5148094443187262
0.5105211398200299
0.5083880265332728
0.504497962634653
0.5020249490943506
0.4970220783738334
0.4949728711009523
0.49153543268854993
0.4890871454595027
0.4858485976744428
0.4840379194855193
0.4806763712156134
0.47964711825108164
0.4747007728783577
