loss
0.7209088837399202
0.6976062510952805
0.6844663060072697
0.6731543703512712
0.6626155719612584
0.6506757248531688
0.6358168522516886
0.6167051286408396
0.5957746577985359
0.5748798215028011
0.5523393867593823
0.5326969984805945
0.5087394118309021
0.4876153288465558
0.4607936369650292
0.4380411406358083
0.42056083227648877
0.40285408225926483
0.38974496722221375
0.37529198328653973
0.3651093596761877
0.35197703043619794
0.34292374054590863
0.33198544970064453
0.3233696520328522
0.3160826148408832
0.3068438276196971
0.3008965317047004
0.292805990486434
0.28417449060714606
0.27726639897534344
0.2709526771848852
0.2646759491075169
0.25840077752416785
0.25121971332665644
0.24575849870840707
0.24008611702557767
0.23358369821851904
0.2262372582247763
0.22136461599306625
0.21580105794198584
0.21129468264001788
0.2051556038134026
0.2024298757314682
0.1986964801044175
0.1929921413009817
0.1874383037740534
0.18411345689585715
0.18048181181604211
0.17582784457640213
0.17346838771393805
0.16712198067795148
0.16453433127114267
0.15923963058175464
0.15747044867638385
0.15397793460975995
0.14897883435090384
0.1476344387188102
0.14264255897565323
0.13862155174667184
0.13829857449639926
0.13576691800897772
0.13265101250373956
0.1299425521583268
0.12634556379282114
0.12370926886796951
0.12107466906309128
0.11844795174670941
0.11470193754542958
0.11114999584176323
0.11037533662535927
0.10756186463616112
0.10581853714856235
0.10245698735569463
0.10418511136914745
0.09965043311769312
0.09881046098290068
0.09715436760223273
0.0940133338850556
0.09304165591796239
0.09088131627350142
0.08905009067419803
0.08764884756370024
0.08595057892979997
