loss
0.7327776731866779
0.7020738050341606
0.6874325480312109
0.6740464717149734
0.655053747817874
0.635099770501256
0.6117082461714745
0.5904955342411995
0.5703076124191284
0.5504960343241692
0.5322538819164038
0.5140847731381655
0.49645414017140865
0.47628502268344164
0.4604776334017515
0.4425542214885354
0.4282145220786333
0.4154985174536705
0.4028324540704489
0.39102450478821993
0.37849979382008314
0.36944879218935966
0.35785935912281275
0.34932126849889755
0.3393212491646409
0.32993100211024284
0.3226741962134838
0.31315215304493904
0.30658017192035913
0.2978913774713874
0.28969835489988327
0.2810167334973812
0.27403209870681167
0.26753941690549254
0.26201955880969763
0.253712588455528
0.24830800341442227
0.2398576531559229
0.23404871299862862
0.22742534894496202
0.22421541111543775
0.21815888350829482
0.21214829059317708
0.20601619593799114
0.20173691911622882
0.1989179770462215
0.19561623502522707
0.1884630061686039
0.18130488321185112
0.1808614213950932
0.17549625830724835
0.17041859356686473
0.16463873349130154
0.1669072206132114
0.1598801496438682
0.15598012879490852
0.1530643324367702
0.1527204541489482
0.14580916613340378
0.14503641007468104
0.14200402703136206
0.13799916137941182
0.13410909101366997
0.1331482995301485
0.1277715670876205
0.126070094993338
0.12346153636462986
0.12209398206323385
0.1180622240062803
0.11456927936524153
0.1122805078048259
0.10953059745952487
0.10940821678377688
0.1073611886240542
0.10540193435736
0.10282107908278704
0.10305345617234707
0.09774903720244765
0.09890967491082847
0.09592068358324468
0.09526077774353325
0.09303818386979401
0.08850684016942978
0.08839934389106929
0.08686423860490322
0.08380336314439774
0.08432956016622484
0.08107340941205621
0.07936584576964378
0.07645293045789003
0.07941043213941157
0.07737602991983294
0.07332351990044117
0.07144369720481336
0.07198218372650445
0.06979408045299351
0.07062085112556815
0.0693804684560746
0.06798068678472191
0.06600371387321502
0.06564029597211629
0.06369758432265371
0.06267346045933664
0.06283298856578767
0.05950446042697877
0.0595879137981683
