loss
0.7004987019158545
0.6896279896804672
0.6774759224788871
0.6587222371986526
0.6385107515100947
0.6195553359157311
0.6031966519926837
0.5905306871065836
0.5780918621374461
0.5696617978775572
0.5591851551375703
0.5474058621657822
0.5347912623853741
0.5271441304755068
0.51420666732474
0.5066024338056941
0.4924945065718211
0.4853062014022987
0.471614843178652
0.46320236978416673
0.45291778266786814
0.445511757256742
0.4365906272819656
0.4274000041856023
0.4215227090669963
0.41295475642124335
0.4116303917176709
0.4019070276600158
0.3925619080751956
0.3926623124562338
0.38214826494633797
0.37908204372771487
