loss
0.6947373270988464
0.6717983004839524
0.5447913507080596
0.46184093084024347
0.42677119552441267
0.4071733112568441
0.3938879728641199
0.38302221489341365
0.37333346968111786
0.36573494865518547
0.3569361794254054
0.3492691578829418
0.3421668670261684
0.3347853025340516
0.325855718034765
0.3167792659090913
0.3112641285457041
0.29867046472171077
0.2947266568308291
0.2850196090850817
0.28226312553591054
0.2729262441963605
0.2677969947538298
0.26159085066098237
0.2553568553260487
0.25115970001839427
0.24753868425993816
0.24220817248620416
0.23780271903935657
