loss
0.6982160631230843
0.6611436473443204
0.6382611423930866
0.6208429668573725
0.6081174110006166
0.5976046216767906
0.5885971179544526
0.5809717464367016
0.5733499123946132
0.5646246460660193
0.5549239992295336
0.5472063516210389
0.5384466626100092
0.5271241977910868
0.5170985894315194
0.5085072052358781
0.4976352959271245
0.49105160238358797
0.48099196867254757
0.47540739618691824
0.4669524707250147
0.4602630711441872
0.4558892199057061
0.44895582221098396
0.4442228182850268
0.43909308764358496
0.43536593690014525
0.43080264559928205
0.42445507935629595
0.41818766085893516
0.4142730552078093
