loss
0.6851954453891808
0.636282455712034
0.6046781797158091
0.5882662700979333
0.574464899510668
0.5627729409619382
0.5522830131806825
0.5398809287631721
0.5293911072245815
0.5193556788720582
0.5086397737787481
0.4975248032494595
0.48806709615807786
0.4807116569134227
0.4715007982755962
0.4606852835730503
0.4548478865832613
0.44773137381202294
0.4414400907984951
0.4352841173347674
0.42750621396198607
0.42356657197600917
0.4170072650700285
0.41084928491659334
0.40810906228266264
0.40273472886336475
0.3989241232997493
