loss
0.6961231350898742
0.6727790754774342
0.6530875097150388
0.6272975461206575
0.6043710233508677
0.5852318829384403
0.5650744027849557
0.5511650879313981
0.536997339863708
0.5237594652866971
0.5117745606795602
0.500229303387628
0.487076502347338
0.47637541138607525
0.4680480304835499
0.45686102561328723
0.4455338988615119
0.43520377576351166
0.4254229420769042
0.41501151953918347
0.4098743856817052
0.3984376621851023
0.38973354731780896
0.38029514145160065
0.3697167927588242
0.36551322410072107
0.35489446086728055
0.35463354671778885
0.3436595663644265
0.34083626592072885
0.3351874113946721
0.3267015493002491
0.3179925169417824
0.3170750380858131
0.30457773842457414
0.30319081981112994
0.30011377618580626
0.2952515654589819
0.28552865971257724
0.28382159845120664
