loss
0.6364482230392338
0.5393065808759642
0.5013969322565452
0.45661625456671384
0.4477620203076869
0.4369055729850318
0.42684613188454346
0.4213051345170468
0.41626990144682485
0.41278212583919827
0.4086707379928855
0.4042873446244833
0.40229367056154003
0.399382576158689
0.3957979070643584
0.39243646767423596
0.3908306707794121
0.38617766174928164
0.3846730689063322
0.3827897765233304
0.38109314765116964
0.3775050297032955
0.37634744746393933
0.3753248621355887
0.3732755634096242
0.3722543189547552
