loss
0.011796195060014725
0.01238654641730045
0.011803449618158938
0.011460781583655112
0.011161284345910011
0.010922523642483667
0.010713729912587152
0.0105922143019136
0.010457517916223456
0.010370631478418138
0.010277258111318337
0.010223488630278546
0.01013459883345072
0.01010879083101409
0.010049509074194938
0.010006383886515225
0.00997561174621269
0.009913892842808646
0.009910456679839327
0.009869291005331226
0.009838488987546294
0.009824191962516533
0.009777241675719773
0.00976513770200171
0.00973769169114824
0.009730013756665101
0.009677230049881734
0.009687054161005893
0.009680646706898803
0.00965567065025044
0.009615164407806055
0.009599825590238822
0.009579818712322493
0.009564002771106944
0.00954851047790094
0.009532930050118758
0.009509140786023159
0.009504423700581762
0.009487357665729527
0.009470087715704656
0.009438338122038786
0.00945381425510748
0.009427080410161447
0.009437394417541567
