********************************************************************************
STREME - Sensitive, Thorough, Rapid, Enriched Motif Elicitation
********************************************************************************
MEME version 5.3.0 (Release date: Wed Nov 25 19:19:29 2020 -0800)

For further information on how to interpret please access http://meme-suite.org.
To get a copy of the MEME Suite software please access http://meme-suite.org.

********************************************************************************


********************************************************************************
REFERENCE
********************************************************************************
If you use this program in your research, please cite:

Timothy L. Bailey,
"STREME: Accurate and versatile sequence motif discovery",
bioRxiv, (preprint), Nov. 23, 2020.
********************************************************************************


ALPHABET= ACGT

strands: + -

Background letter frequencies
A 0.266 C 0.234 G 0.234 T 0.266 

MOTIF 1-GGAASTGAAASY STREME-1
letter-probability matrix: alength= 4 w= 12 nsites= 6904 P= 4.7e-091
 0.202419 0.019955 0.767232 0.010395
 0.300903 0.009457 0.656627 0.033013
 0.979970 0.000008 0.000008 0.020014
 0.963583 0.000008 0.000008 0.036401
 0.135443 0.399243 0.443288 0.022027
 0.073793 0.089865 0.009004 0.827338
 0.007881 0.000008 0.992103 0.000009
 0.966802 0.002544 0.030646 0.000009
 0.797002 0.002399 0.161658 0.038941
 0.998680 0.000008 0.001304 0.000009
 0.119313 0.503595 0.310880 0.066212
 0.168987 0.297896 0.063806 0.469311

MOTIF 2-ATGASTCAT STREME-2
letter-probability matrix: alength= 4 w= 9 nsites= 7007 P= 8.0e-082
 0.574091 0.181889 0.132758 0.111262
 0.000014 0.000012 0.000012 0.999961
 0.000014 0.000012 0.858491 0.141482
 0.999961 0.000012 0.000012 0.000014
 0.020350 0.479650 0.479650 0.020350
 0.000014 0.000012 0.000012 0.999961
 0.141482 0.858491 0.000012 0.000014
 0.999961 0.000012 0.000012 0.000014
 0.111262 0.132758 0.181889 0.574091

MOTIF 3-RSAGGAAGTGR STREME-3
letter-probability matrix: alength= 4 w= 11 nsites= 8127 P= 1.1e-043
 0.504677 0.093617 0.297179 0.104527
 0.144033 0.468065 0.345725 0.042177
 0.747160 0.202496 0.050335 0.000010
 0.000010 0.008712 0.991268 0.000010
 0.000010 0.000009 0.999972 0.000010
 0.998777 0.000009 0.000009 0.001205
 0.784460 0.033275 0.000009 0.182257
 0.194903 0.000941 0.804147 0.000010
 0.020993 0.171396 0.057798 0.749813
 0.215374 0.095054 0.595531 0.094041
 0.299644 0.119268 0.516821 0.064267

MOTIF 4-AAACCACAR STREME-4
letter-probability matrix: alength= 4 w= 9 nsites= 7340 P= 2.5e-039
 0.622984 0.085225 0.004545 0.287246
 0.855553 0.000022 0.128132 0.016293
 0.910075 0.024055 0.065846 0.000025
 0.000025 0.999929 0.000022 0.000025
 0.000025 0.983469 0.010254 0.006252
 0.907502 0.055979 0.036495 0.000025
 0.032285 0.967668 0.000022 0.000025
 0.913224 0.021859 0.029902 0.035014
 0.465741 0.026996 0.386324 0.120939

MOTIF 5-CCAGCCTGGGCRACAKAG STREME-5
letter-probability matrix: alength= 4 w= 18 nsites= 1190 P= 1.5e-036
 0.014395 0.925449 0.019910 0.040246
 0.008875 0.945780 0.002245 0.043100
 0.967866 0.007766 0.011078 0.013291
 0.026539 0.013286 0.934739 0.025436
 0.007771 0.938052 0.007766 0.046412
 0.006666 0.950197 0.012182 0.030955
 0.006666 0.016598 0.005557 0.971178
 0.048620 0.004453 0.936948 0.009978
 0.061873 0.011078 0.914863 0.012187
 0.035372 0.212067 0.735958 0.016603
 0.022123 0.786757 0.011078 0.180042
 0.626614 0.023222 0.340185 0.009978
 0.957930 0.006661 0.026534 0.008874
 0.011083 0.931428 0.021014 0.036476
 0.939161 0.014390 0.035367 0.011083
 0.092142 0.067385 0.525716 0.314758
 0.651593 0.017702 0.297543 0.033163
 0.097662 0.012182 0.880177 0.009979

MOTIF 6-CCTGTAATCCCAGCWCYTTGG STREME-6
letter-probability matrix: alength= 4 w= 21 nsites= 1089 P= 4.1e-030
 0.011339 0.873536 0.019552 0.095573
 0.011339 0.927981 0.011334 0.049346
 0.017502 0.027770 0.007225 0.947503
 0.084274 0.006198 0.900244 0.009284
 0.010311 0.033933 0.013389 0.942367
 0.941340 0.018525 0.031878 0.008257
 0.796496 0.008252 0.193158 0.002094
 0.005175 0.004144 0.008252 0.982429
 0.016475 0.920791 0.006198 0.056536
 0.009284 0.884834 0.006198 0.099684
 0.006203 0.901270 0.005171 0.087356
 0.970102 0.003116 0.018525 0.008257
 0.070918 0.014416 0.909491 0.005175
 0.018529 0.922844 0.008252 0.050374
 0.616724 0.019552 0.023661 0.340063
 0.300002 0.610556 0.059613 0.029829
 0.005175 0.334922 0.011334 0.648568
 0.006203 0.037015 0.017498 0.939285
 0.022638 0.242470 0.037014 0.697877
 0.145909 0.043179 0.782111 0.028802
 0.071945 0.005171 0.898191 0.024693

MOTIF 7-GTCTCAAAAAAAAAAAAAAAA STREME-7
letter-probability matrix: alength= 4 w= 21 nsites= 993 P= 8.1e-030
 0.236302 0.002344 0.749786 0.011568
 0.005806 0.023087 0.001191 0.969916
 0.012720 0.941101 0.004648 0.041530
 0.018482 0.005801 0.001191 0.974525
 0.066883 0.895679 0.002344 0.035094
 0.662805 0.020782 0.018477 0.297936
 0.976830 0.003496 0.013868 0.005806
 0.705922 0.267491 0.017325 0.009263
 0.718598 0.016172 0.021934 0.243296
 0.899620 0.069182 0.020782 0.010416
 0.920364 0.039220 0.025391 0.015025
 0.929583 0.036915 0.018477 0.015025
 0.935345 0.031153 0.018477 0.015025
 0.931888 0.024239 0.020782 0.023092
 0.648302 0.068030 0.020782 0.262886
 0.907688 0.050744 0.021934 0.019634
 0.657522 0.270948 0.035763 0.035768
 0.899621 0.032306 0.041524 0.026549
 0.876573 0.033458 0.071486 0.018482
 0.821259 0.061115 0.068029 0.049597
 0.810887 0.056505 0.073792 0.058816

MOTIF 8-GAGGCTGAGGCRGGAGRAT STREME-8
letter-probability matrix: alength= 4 w= 19 nsites= 921 P= 5.6e-028
 0.041596 0.011374 0.939428 0.007602
 0.952024 0.010115 0.017669 0.020192
 0.046632 0.011374 0.934392 0.007602
 0.025229 0.012633 0.953277 0.008861
 0.012638 0.944464 0.011374 0.031524
 0.012638 0.290899 0.023964 0.672499
 0.084405 0.010115 0.897878 0.007602
 0.960837 0.012633 0.013892 0.012638
 0.044114 0.010115 0.935651 0.010120
 0.065519 0.012633 0.914246 0.007602
 0.025228 0.682569 0.018928 0.273275
 0.458456 0.016410 0.494870 0.030265
 0.056704 0.027741 0.886549 0.029006
 0.057964 0.021446 0.916765 0.003825
 0.584362 0.207799 0.035295 0.172543
 0.090699 0.017669 0.876476 0.015156
 0.406827 0.012633 0.557830 0.022710
 0.923067 0.023964 0.039072 0.013897
 0.022711 0.044108 0.023964 0.909217

MOTIF 9-GAGCCACCRCGCCYGGCY STREME-9
letter-probability matrix: alength= 4 w= 18 nsites= 1004 P= 5.5e-027
 0.074270 0.076514 0.833428 0.015788
 0.681603 0.158614 0.013534 0.146250
 0.108009 0.003412 0.888536 0.000043
 0.006791 0.960513 0.012409 0.020287
 0.009040 0.959389 0.003412 0.028159
 0.959394 0.007911 0.031528 0.001168
 0.006791 0.953766 0.000038 0.039405
 0.021411 0.728830 0.023655 0.226103
 0.449906 0.014658 0.524146 0.011289
 0.024785 0.675975 0.012409 0.286831
 0.303706 0.011284 0.664723 0.020287
 0.006791 0.950392 0.013534 0.029284
 0.015788 0.917777 0.012409 0.054026
 0.018037 0.561253 0.021406 0.399303
 0.245219 0.016908 0.716462 0.021411
 0.050652 0.016908 0.925650 0.006791
 0.006791 0.932398 0.011284 0.049527
 0.023660 0.568008 0.030403 0.377928

MOTIF 10-CTCGAACTCCTGRSCTCAAG STREME-10
letter-probability matrix: alength= 4 w= 20 nsites= 803 P= 1.3e-023
 0.012781 0.916414 0.005704 0.065101
 0.007125 0.015603 0.011360 0.965912
 0.008539 0.685902 0.024087 0.281472
 0.213584 0.200853 0.533187 0.052376
 0.871164 0.000048 0.128734 0.000054
 0.644909 0.267316 0.017017 0.070758
 0.008539 0.958836 0.004290 0.028336
 0.015609 0.031157 0.014189 0.939045
 0.008539 0.933383 0.011360 0.046718
 0.008539 0.922070 0.014189 0.055203
 0.011367 0.182469 0.011360 0.794803
 0.107526 0.007118 0.876817 0.008539
 0.521882 0.005704 0.465289 0.007125
 0.042477 0.519048 0.405897 0.032578
 0.005710 0.748131 0.009946 0.236212
 0.000054 0.011360 0.002876 0.985709
 0.001468 0.930554 0.004290 0.063687
 0.866926 0.014189 0.111760 0.007125
 0.639243 0.011361 0.217832 0.131564
 0.048133 0.002876 0.936210 0.012781

MOTIF 11-GAAACYAV STREME-11
letter-probability matrix: alength= 4 w= 8 nsites= 7952 P= 1.2e-016
 0.000067 0.000059 0.999806 0.000067
 0.963049 0.000059 0.000059 0.036833
 0.999814 0.000059 0.000059 0.000067
 0.999814 0.000059 0.000059 0.000067
 0.000067 0.823173 0.176692 0.000067
 0.052087 0.507748 0.000059 0.440106
 0.714817 0.096548 0.188568 0.000067
 0.368430 0.297371 0.297305 0.036894

MOTIF 12-AGTGCAGTGGCRCGATCTCG STREME-12
letter-probability matrix: alength= 4 w= 20 nsites= 591 P= 4.7e-016
 0.962985 0.016424 0.014379 0.006211
 0.030743 0.008246 0.954799 0.006211
 0.008256 0.014379 0.022557 0.954808
 0.049142 0.004158 0.926178 0.020522
 0.006211 0.965021 0.008246 0.020522
 0.969118 0.012335 0.016424 0.002123
 0.198381 0.022557 0.770806 0.008256
 0.010300 0.022557 0.014379 0.952764
 0.028699 0.008246 0.946621 0.016433
 0.038921 0.008246 0.946621 0.006211
 0.016433 0.678805 0.008246 0.296515
 0.333310 0.018468 0.635878 0.012344
 0.030743 0.662454 0.028690 0.278113
 0.243356 0.038912 0.701300 0.016433
 0.936409 0.006202 0.053222 0.004167
 0.012344 0.036867 0.020513 0.930276
 0.020522 0.928222 0.022557 0.028699
 0.139094 0.014379 0.030734 0.815793
 0.018477 0.709476 0.034823 0.237224
 0.296512 0.020513 0.644055 0.038921

MOTIF 13-AGTCATTTC STREME-13
letter-probability matrix: alength= 4 w= 9 nsites= 2334 P= 5.9e-013
 0.885514 0.023265 0.000084 0.091136
 0.055026 0.000084 0.816820 0.128071
 0.000095 0.000084 0.000084 0.999737
 0.000095 0.999726 0.000084 0.000095
 0.990305 0.000084 0.009516 0.000095
 0.000095 0.000084 0.000084 0.999737
 0.104239 0.090623 0.000084 0.805054
 0.038756 0.051985 0.000084 0.909175
 0.063859 0.903539 0.032506 0.000095

MOTIF 14-CCCCDCCCCC STREME-14
letter-probability matrix: alength= 4 w= 10 nsites= 1892 P= 2.5e-011
 0.007905 0.949635 0.002937 0.039523
 0.021684 0.954684 0.001579 0.022054
 0.009751 0.988683 0.000052 0.001514
 0.044555 0.877135 0.008358 0.069952
 0.399926 0.000052 0.352558 0.247464
 0.037255 0.928285 0.002062 0.032398
 0.006840 0.988327 0.001181 0.003652
 0.005258 0.928571 0.000052 0.066120
 0.086230 0.899452 0.007483 0.006835
 0.050330 0.859826 0.037396 0.052448

MOTIF 15-AAAAAAAMAAAAAAAA STREME-15
letter-probability matrix: alength= 4 w= 16 nsites= 645 P= 9.8e-011
 0.997522 0.000076 0.000076 0.002326
 0.966882 0.032957 0.000076 0.000086
 0.804997 0.182079 0.012839 0.000086
 0.862850 0.119785 0.017279 0.000086
 0.936075 0.063764 0.000076 0.000086
 0.838002 0.070540 0.077932 0.013527
 0.910055 0.011277 0.078583 0.000086
 0.648881 0.324577 0.021975 0.004566
 0.999763 0.000076 0.000076 0.000086
 0.964820 0.032778 0.000076 0.002326
 0.868360 0.045937 0.085617 0.000086
 0.876296 0.123542 0.000076 0.000086
 0.650976 0.209921 0.139017 0.000086
 0.833639 0.103365 0.036028 0.026968
 0.906603 0.011188 0.066293 0.015915
 0.999763 0.000076 0.000076 0.000086

MOTIF 16-CTATTWTTA STREME-16
letter-probability matrix: alength= 4 w= 9 nsites= 2401 P= 3.2e-009
 0.042864 0.665964 0.096782 0.194391
 0.000079 0.000070 0.008361 0.991491
 0.999782 0.000070 0.000070 0.000079
 0.064259 0.000070 0.000070 0.935602
 0.067048 0.000070 0.007155 0.925727
 0.331367 0.012937 0.019229 0.636467
 0.225665 0.027040 0.000070 0.747225
 0.025399 0.000070 0.000070 0.974462
 0.959484 0.000070 0.040368 0.000079

MOTIF 17-GCTCACTGCAAC STREME-17
letter-probability matrix: alength= 4 w= 12 nsites= 383 P= 4.7e-009
 0.029526 0.003040 0.964031 0.003403
 0.003054 0.974926 0.007202 0.014818
 0.003054 0.007202 0.000099 0.989645
 0.003054 0.973705 0.008923 0.014319
 0.977881 0.005982 0.013084 0.003054
 0.003054 0.977867 0.001320 0.017760
 0.000113 0.073647 0.017746 0.908495
 0.013279 0.000099 0.985289 0.001333
 0.011219 0.982413 0.001320 0.005048
 0.983394 0.001689 0.008922 0.005995
 0.830599 0.000373 0.167325 0.001702
 0.017760 0.915909 0.051513 0.014818

MOTIF 18-CAAGATGGCGG STREME-18
letter-probability matrix: alength= 4 w= 11 nsites= 204 P= 2.7e-008
 0.115366 0.692902 0.103453 0.088278
 0.931576 0.000229 0.013770 0.054425
 0.999283 0.000229 0.000229 0.000259
 0.092873 0.070194 0.816362 0.020571
 0.999283 0.000229 0.000229 0.000259
 0.000259 0.007000 0.000229 0.992512
 0.000259 0.000229 0.999252 0.000259
 0.000259 0.000229 0.999252 0.000259
 0.000259 0.924773 0.000229 0.074738
 0.000259 0.159824 0.785131 0.054786
 0.125574 0.204406 0.602053 0.067967

MOTIF 19-CACCAGGGGGCR STREME-19
letter-probability matrix: alength= 4 w= 12 nsites= 602 P= 1.9e-007
 0.000099 0.996065 0.003737 0.000099
 0.842436 0.002667 0.141403 0.013494
 0.000099 0.750933 0.248869 0.000099
 0.093133 0.547054 0.122095 0.237718
 0.999727 0.000087 0.000087 0.000099
 0.003749 0.024373 0.971779 0.000099
 0.281084 0.000087 0.716150 0.002678
 0.021945 0.053130 0.619054 0.305871
 0.000099 0.000087 0.999715 0.000099
 0.031419 0.007826 0.933791 0.026964
 0.000099 0.999715 0.000087 0.000099
 0.454797 0.011835 0.533270 0.000099

MOTIF 20-ATTTGCATW STREME-20
letter-probability matrix: alength= 4 w= 9 nsites= 1148 P= 1.0e-006
 0.900800 0.060371 0.038731 0.000098
 0.000214 0.003612 0.005366 0.990808
 0.006153 0.003414 0.001959 0.988475
 0.007174 0.001037 0.001783 0.990007
 0.071630 0.000087 0.928185 0.000098
 0.018232 0.977958 0.000833 0.002978
 0.909547 0.060556 0.004494 0.025403
 0.000098 0.000087 0.000087 0.999728
 0.505835 0.054998 0.086259 0.352909

MOTIF 21-GGRAAGTCCC STREME-21
letter-probability matrix: alength= 4 w= 10 nsites= 985 P= 1.3e-006
 0.064081 0.025290 0.879728 0.030902
 0.008194 0.022949 0.964716 0.004141
 0.608872 0.027851 0.341117 0.022160
 0.944330 0.011411 0.041483 0.002777
 0.963963 0.009809 0.005807 0.020421
 0.097881 0.103127 0.628155 0.170838
 0.000148 0.195123 0.008186 0.796543
 0.000148 0.999575 0.000130 0.000148
 0.031692 0.968030 0.000130 0.000148
 0.006870 0.986918 0.006064 0.000148

MOTIF 22-AAAACAAAACAAA STREME-22
letter-probability matrix: alength= 4 w= 13 nsites= 687 P= 3.4e-006
 0.889151 0.029545 0.054872 0.026432
 0.867161 0.019326 0.058295 0.055218
 0.863659 0.010663 0.038781 0.086898
 0.886752 0.007927 0.055954 0.049367
 0.000058 0.791412 0.082542 0.125988
 0.946005 0.011588 0.014905 0.027502
 0.866690 0.042218 0.075772 0.015320
 0.824836 0.026253 0.050371 0.098540
 0.875520 0.021584 0.028905 0.073991
 0.005322 0.742110 0.170307 0.082261
 0.564197 0.226728 0.009745 0.199330
 0.790495 0.022281 0.103505 0.083718
 0.791167 0.127714 0.027655 0.053464

MOTIF 23-ACACACACACACACACACA STREME-23
letter-probability matrix: alength= 4 w= 19 nsites= 363 P= 6.7e-006
 0.895719 0.000110 0.091047 0.013123
 0.000124 0.911899 0.000110 0.087867
 0.775424 0.009859 0.211343 0.003374
 0.013123 0.905399 0.000110 0.081367
 0.924912 0.003360 0.061855 0.009874
 0.003374 0.811156 0.026108 0.159362
 0.772175 0.042356 0.182095 0.003374
 0.039121 0.843655 0.022858 0.094366
 0.837170 0.009859 0.130099 0.022872
 0.000124 0.768910 0.035857 0.195109
 0.850169 0.045606 0.071604 0.032622
 0.003374 0.866402 0.016359 0.113865
 0.908664 0.000110 0.061855 0.029372
 0.039121 0.754563 0.042356 0.163960
 0.822822 0.032607 0.094352 0.050219
 0.035871 0.892400 0.042356 0.029372
 0.924912 0.026108 0.042356 0.006624
 0.058620 0.794908 0.048856 0.097616
 0.715811 0.084603 0.139849 0.059738

MOTIF 24-GCAGCTGC STREME-24
letter-probability matrix: alength= 4 w= 8 nsites= 2511 P= 8.3e-006
 0.215394 0.000197 0.784186 0.000223
 0.000223 0.999356 0.000197 0.000223
 0.845942 0.037643 0.048302 0.068113
 0.000223 0.086053 0.913500 0.000223
 0.000223 0.913500 0.086053 0.000223
 0.068113 0.048302 0.037643 0.845942
 0.000223 0.000197 0.999356 0.000223
 0.000223 0.784186 0.000197 0.215394

MOTIF 25-AGACYCYGTCTCAAAAAA STREME-25
letter-probability matrix: alength= 4 w= 18 nsites= 245 P= 1.0e-005
 0.991194 0.008504 0.000141 0.000160
 0.221781 0.000141 0.777918 0.000160
 0.961924 0.000141 0.025230 0.012705
 0.000160 0.915909 0.000141 0.083790
 0.008523 0.372296 0.012686 0.606495
 0.008523 0.844823 0.016867 0.129786
 0.029431 0.435028 0.012686 0.522855
 0.259421 0.012686 0.719370 0.008523
 0.012705 0.054501 0.000141 0.932653
 0.021068 0.895001 0.021049 0.062882
 0.004342 0.000141 0.004323 0.991194
 0.062882 0.844823 0.029412 0.062883
 0.740305 0.058682 0.050319 0.150694
 0.932653 0.012686 0.054501 0.000160
 0.819753 0.133949 0.029412 0.016886
 0.915927 0.016867 0.041956 0.025249
 0.882475 0.079590 0.021049 0.016886
 0.882476 0.041956 0.058682 0.016886

MOTIF 26-CMGCCACCACC STREME-26
letter-probability matrix: alength= 4 w= 11 nsites= 1671 P= 1.7e-005
 0.025307 0.805188 0.045345 0.124160
 0.483557 0.292521 0.186155 0.037766
 0.185904 0.030220 0.744292 0.039584
 0.036886 0.909879 0.000052 0.053183
 0.156434 0.747868 0.068628 0.027070
 0.777918 0.005016 0.159671 0.057396
 0.055206 0.802208 0.011788 0.130798
 0.014004 0.802523 0.119665 0.063808
 0.719272 0.000052 0.208598 0.072079
 0.015678 0.874557 0.008383 0.101382
 0.000058 0.773371 0.219456 0.007114

MOTIF 27-AGYGAAACTC STREME-27
letter-probability matrix: alength= 4 w= 10 nsites= 183 P= 1.7e-005
 0.894262 0.104645 0.000513 0.000580
 0.222840 0.000513 0.626610 0.150037
 0.000580 0.454219 0.000513 0.544688
 0.000580 0.000513 0.998326 0.000580
 0.983240 0.000513 0.000513 0.015735
 0.998394 0.000513 0.000513 0.000580
 0.961794 0.037113 0.000513 0.000580
 0.000580 0.998326 0.000513 0.000580
 0.000580 0.000513 0.018587 0.980320
 0.000580 0.998326 0.000513 0.000580

MOTIF 28-GAGAGAGAGAGAGAGAGAGAV STREME-28
letter-probability matrix: alength= 4 w= 21 nsites= 300 P= 1.8e-005
 0.109042 0.059842 0.830982 0.000135
 0.964496 0.000119 0.035250 0.000135
 0.094989 0.014171 0.880166 0.010674
 0.841537 0.007145 0.137131 0.014187
 0.140660 0.102000 0.757206 0.000135
 0.915313 0.049303 0.021198 0.014187
 0.147686 0.021198 0.816929 0.014187
 0.866129 0.010658 0.087947 0.035266
 0.059858 0.116052 0.823955 0.000135
 0.834511 0.031737 0.112539 0.021213
 0.080936 0.080921 0.816930 0.021213
 0.901260 0.042276 0.038763 0.017700
 0.249567 0.038763 0.711535 0.000135
 0.908286 0.066869 0.000119 0.024726
 0.112555 0.147671 0.665865 0.073910
 0.806406 0.017684 0.161723 0.014187
 0.210923 0.031737 0.715048 0.042292
 0.827485 0.031737 0.042276 0.098502
 0.112555 0.028224 0.764233 0.094989
 0.701012 0.119565 0.137131 0.042292
 0.361989 0.228473 0.363733 0.045805

MOTIF 29-CCATTTTACAGATGA STREME-29
letter-probability matrix: alength= 4 w= 15 nsites= 298 P= 9.1e-005
 0.035545 0.688551 0.037347 0.238558
 0.009429 0.825864 0.000105 0.164602
 0.897257 0.021829 0.068381 0.012533
 0.018740 0.071484 0.028036 0.881740
 0.028050 0.059071 0.009415 0.903464
 0.000119 0.040450 0.043553 0.915878
 0.009429 0.203118 0.009415 0.778037
 0.829509 0.043553 0.111829 0.015109
 0.018740 0.812162 0.055967 0.113131
 0.956223 0.003208 0.024933 0.015636
 0.147269 0.015622 0.796645 0.040464
 0.822774 0.021829 0.102519 0.052877
 0.063476 0.026221 0.043553 0.866750
 0.152949 0.049760 0.759931 0.037360
 0.757602 0.012519 0.136657 0.093222

MOTIF 30-TCATAATGAAAS STREME-30
letter-probability matrix: alength= 4 w= 12 nsites= 921 P= 4.1e-004
 0.000058 0.000052 0.000052 0.999838
 0.186256 0.792125 0.018999 0.002620
 0.992467 0.000052 0.007423 0.000058
 0.230595 0.000052 0.111976 0.657378
 0.726530 0.017725 0.000052 0.255694
 0.472334 0.205236 0.172405 0.150025
 0.047763 0.141197 0.029424 0.781616
 0.001585 0.000052 0.995954 0.002410
 0.868766 0.086005 0.042118 0.003111
 0.800486 0.006987 0.016552 0.175975
 0.968444 0.010476 0.000052 0.021029
 0.052464 0.570766 0.336750 0.040020

MOTIF 31-STTCCYCTT STREME-31
letter-probability matrix: alength= 4 w= 9 nsites= 2425 P= 5.1e-004
 0.000124 0.587871 0.313375 0.098630
 0.000124 0.000109 0.004216 0.995551
 0.000124 0.000109 0.000109 0.999658
 0.000124 0.999644 0.000109 0.000124
 0.000124 0.955454 0.044299 0.000124
 0.000124 0.528198 0.000109 0.471569
 0.000124 0.823741 0.000109 0.176026
 0.210458 0.000109 0.028665 0.760768
 0.000124 0.000109 0.000109 0.999658

MOTIF 32-CCCAGCCCT STREME-32
letter-probability matrix: alength= 4 w= 9 nsites= 2715 P= 8.5e-004
 0.004753 0.952904 0.031776 0.010567
 0.014814 0.973982 0.010884 0.000320
 0.025078 0.937273 0.025241 0.012408
 0.835297 0.066699 0.011644 0.086360
 0.012788 0.012739 0.944125 0.030348
 0.026922 0.925781 0.043467 0.003830
 0.040268 0.869804 0.025161 0.064767
 0.012602 0.936074 0.016367 0.034957
 0.073432 0.210856 0.030325 0.685388

MOTIF 33-GAGCATYTTTTCAT STREME-33
letter-probability matrix: alength= 4 w= 14 nsites= 71 P= 9.7e-004
 0.000640 0.000566 0.964713 0.034081
 0.974568 0.007505 0.017286 0.000640
 0.091184 0.000566 0.900671 0.007580
 0.050802 0.947992 0.000566 0.000640
 0.864465 0.017286 0.050727 0.067522
 0.000640 0.174713 0.017286 0.807360
 0.000640 0.599685 0.034006 0.365668
 0.000640 0.000566 0.000566 0.998228
 0.017361 0.000566 0.000566 0.981508
 0.017361 0.000566 0.000566 0.981508
 0.000640 0.000566 0.000566 0.998228
 0.000640 0.998153 0.000566 0.000640
 0.881186 0.050727 0.067447 0.000640
 0.017361 0.141271 0.000566 0.840802

MOTIF 34-TAATGATTAACC STREME-34
letter-probability matrix: alength= 4 w= 12 nsites= 211 P= 1.1e-003
 0.015930 0.057856 0.017004 0.909211
 0.865628 0.019888 0.081717 0.032767
 0.876945 0.040560 0.029749 0.052747
 0.057419 0.019888 0.017004 0.905688
 0.109994 0.119227 0.650593 0.120185
 0.834948 0.043702 0.064261 0.057089
 0.016188 0.038772 0.022553 0.922487
 0.017026 0.047535 0.006574 0.928865
 0.918435 0.010027 0.020000 0.051538
 0.882714 0.041768 0.043702 0.031817
 0.057618 0.761181 0.064468 0.116732
 0.088883 0.696226 0.049471 0.165420

MOTIF 35-ACTACAAYTCCCAG STREME-35
letter-probability matrix: alength= 4 w= 14 nsites= 127 P= 1.9e-003
 0.934087 0.065326 0.000275 0.000311
 0.000311 0.999102 0.000275 0.000311
 0.000311 0.000275 0.000275 0.999138
 0.974744 0.008406 0.016538 0.000311
 0.000311 0.999102 0.000275 0.000311
 0.881924 0.036175 0.073458 0.008443
 0.711151 0.040932 0.000275 0.247641
 0.073495 0.480053 0.114117 0.332335
 0.000311 0.024669 0.008406 0.966613
 0.040968 0.934051 0.000275 0.024706
 0.000311 0.999102 0.000275 0.000311
 0.000311 0.982839 0.000275 0.016574
 0.803985 0.016538 0.138509 0.040968
 0.174446 0.073458 0.634570 0.117527

MOTIF 36-TGACCTCA STREME-36
letter-probability matrix: alength= 4 w= 8 nsites= 1442 P= 2.4e-003
 0.000263 0.022984 0.000233 0.976521
 0.110746 0.000233 0.888759 0.000263
 0.999272 0.000233 0.000233 0.000263
 0.000263 0.999241 0.000233 0.000263
 0.091598 0.616563 0.291576 0.000263
 0.000263 0.000233 0.171089 0.828415
 0.004434 0.982997 0.000233 0.012337
 0.967778 0.000233 0.031726 0.000263

MOTIF 37-AYGCCTGTAATC STREME-37
letter-probability matrix: alength= 4 w= 12 nsites= 111 P= 3.9e-003
 0.828510 0.000358 0.170727 0.000405
 0.000405 0.593487 0.000358 0.405749
 0.191204 0.000358 0.808032 0.000405
 0.000405 0.914141 0.000358 0.085095
 0.000405 0.956485 0.000358 0.042751
 0.010992 0.000358 0.000358 0.988292
 0.150655 0.000358 0.848581 0.000405
 0.000405 0.000358 0.000358 0.998878
 0.924774 0.074462 0.000358 0.000405
 0.862624 0.000358 0.136612 0.000405
 0.000405 0.000358 0.021530 0.977706
 0.000405 0.998831 0.000358 0.000405

MOTIF 38-GTAGTTAAAAWTCAACYCM STREME-38
letter-probability matrix: alength= 4 w= 19 nsites= 57 P= 3.9e-003
 0.109181 0.044073 0.845917 0.000830
 0.000830 0.000733 0.000733 0.997704
 0.997704 0.000733 0.000733 0.000830
 0.087509 0.000733 0.910928 0.000830
 0.044170 0.022403 0.000733 0.932694
 0.000830 0.000733 0.000733 0.997704
 0.997704 0.000733 0.000733 0.000830
 0.997704 0.000733 0.000733 0.000830
 0.932694 0.065742 0.000733 0.000830
 0.824345 0.022403 0.130752 0.022500
 0.629310 0.022403 0.022403 0.325884
 0.022500 0.000733 0.000733 0.976034
 0.022500 0.910927 0.022403 0.044170
 0.759332 0.000733 0.239105 0.000830
 0.976034 0.000733 0.022403 0.000830
 0.065839 0.932597 0.000733 0.000830
 0.044170 0.499146 0.000733 0.455951
 0.109179 0.845918 0.000733 0.044170
 0.542632 0.369125 0.044073 0.044170

MOTIF 39-CTCGGCCTC STREME-39
letter-probability matrix: alength= 4 w= 9 nsites= 1069 P= 4.4e-003
 0.000340 0.999021 0.000300 0.000340
 0.000340 0.047517 0.000300 0.951843
 0.054055 0.731582 0.103942 0.110421
 0.127976 0.150131 0.721553 0.000340
 0.013957 0.000300 0.982311 0.003432
 0.000340 0.921092 0.000300 0.078269
 0.028046 0.949590 0.000826 0.021539
 0.028997 0.000300 0.050316 0.920387
 0.000340 0.999021 0.000300 0.000340

MOTIF 40-TGAGATACCAYYTCACACC STREME-40
letter-probability matrix: alength= 4 w= 19 nsites= 100 P= 7.8e-003
 0.021423 0.052907 0.052907 0.872763
 0.031934 0.010866 0.935777 0.021423
 0.935824 0.010866 0.052907 0.000403
 0.094995 0.031886 0.862205 0.010913
 0.946335 0.010866 0.000356 0.042444
 0.000403 0.126479 0.021376 0.851742
 0.872763 0.021376 0.105459 0.000403
 0.042444 0.778123 0.010866 0.168568
 0.000403 0.883226 0.021376 0.094995
 0.946335 0.000356 0.052907 0.000403
 0.000403 0.494341 0.000356 0.504901
 0.010913 0.599447 0.010866 0.378775
 0.168568 0.000356 0.021376 0.809701
 0.010913 0.883226 0.021376 0.084485
 0.925314 0.021376 0.010866 0.042444
 0.000403 0.820164 0.010866 0.168568
 0.862252 0.010866 0.073928 0.052954
 0.042444 0.841185 0.010866 0.105506
 0.063464 0.767612 0.031886 0.137037

MOTIF 41-TAGCTTTTGATTTAAAGTGAG STREME-41
letter-probability matrix: alength= 4 w= 21 nsites= 62 P= 7.8e-003
 0.000721 0.019453 0.000637 0.979190
 0.960374 0.000637 0.038269 0.000721
 0.038353 0.019453 0.941474 0.000721
 0.000721 0.979106 0.000637 0.019537
 0.000721 0.000637 0.000637 0.998006
 0.000721 0.019453 0.000637 0.979190
 0.000721 0.038269 0.019453 0.941557
 0.000721 0.113534 0.000637 0.885109
 0.038353 0.038269 0.866209 0.057169
 0.941558 0.019453 0.038269 0.000721
 0.000721 0.113534 0.019453 0.866293
 0.057169 0.000637 0.038269 0.903925
 0.038353 0.038269 0.038269 0.885109
 0.791029 0.132349 0.019453 0.057169
 0.941558 0.000637 0.038269 0.019537
 0.847477 0.019453 0.094717 0.038353
 0.094802 0.019453 0.866209 0.019537
 0.019537 0.019453 0.000637 0.960374
 0.038353 0.019453 0.922657 0.019537
 0.979190 0.000637 0.019453 0.000721
 0.113621 0.019453 0.866206 0.000721

MOTIF 42-AATAACARATGYTGGYRA STREME-42
letter-probability matrix: alength= 4 w= 18 nsites= 56 P= 7.8e-003
 0.944679 0.018414 0.036225 0.000682
 0.891245 0.000603 0.071847 0.036305
 0.000682 0.232149 0.000603 0.766566
 0.926868 0.000603 0.036225 0.036305
 0.802189 0.054036 0.143092 0.000682
 0.000682 0.962411 0.000603 0.036305
 0.980301 0.000603 0.018414 0.000682
 0.374718 0.000603 0.570564 0.054116
 0.766567 0.000603 0.232148 0.000682
 0.000682 0.000603 0.000603 0.998113
 0.089738 0.000603 0.891166 0.018493
 0.000682 0.499318 0.018414 0.481586
 0.018493 0.000603 0.000603 0.980301
 0.143172 0.000603 0.855543 0.000682
 0.160983 0.054036 0.695242 0.089738
 0.000682 0.428073 0.000603 0.570642
 0.428153 0.071847 0.463695 0.036305
 0.944679 0.000603 0.000603 0.054116

MOTIF 43-GAATTTGACTACTCTAGRTA STREME-43
letter-probability matrix: alength= 4 w= 20 nsites= 66 P= 1.6e-002
 0.045934 0.000511 0.907620 0.045934
 0.892569 0.076104 0.000511 0.030816
 0.756503 0.000511 0.197051 0.045934
 0.015698 0.000511 0.015630 0.968161
 0.015698 0.030748 0.030748 0.922806
 0.000579 0.000511 0.015630 0.983280
 0.061053 0.000511 0.922738 0.015698
 0.937924 0.015630 0.045867 0.000579
 0.000579 0.907620 0.045867 0.045934
 0.015698 0.030748 0.000511 0.953043
 0.832095 0.015630 0.121459 0.030816
 0.000579 0.741317 0.015630 0.242474
 0.030816 0.060985 0.000511 0.907687
 0.045934 0.635488 0.045867 0.272711
 0.015698 0.106340 0.000511 0.877451
 0.847214 0.030748 0.076104 0.045934
 0.151763 0.015630 0.786672 0.045934
 0.514607 0.076104 0.393592 0.015698
 0.045934 0.060985 0.106340 0.786740
 0.877451 0.015630 0.045867 0.061053

MOTIF 44-GTGGGAGGAG STREME-44
letter-probability matrix: alength= 4 w= 10 nsites= 779 P= 2.8e-002
 0.000291 0.000257 0.999162 0.000291
 0.046918 0.076521 0.000257 0.876305
 0.000291 0.009970 0.957880 0.031859
 0.000291 0.015268 0.984151 0.000291
 0.000291 0.042756 0.937413 0.019540
 0.772702 0.058551 0.000257 0.168490
 0.000291 0.010940 0.988478 0.000291
 0.000291 0.043061 0.942640 0.014008
 0.859828 0.022397 0.000257 0.117517
 0.107987 0.013124 0.662143 0.216746

MOTIF 45-CAAGGTCACACAGCTA STREME-45
letter-probability matrix: alength= 4 w= 16 nsites= 204 P= 2.9e-002
 0.016043 0.838822 0.000179 0.144957
 0.804076 0.079380 0.089941 0.026603
 0.907487 0.000179 0.071011 0.021323
 0.118556 0.031859 0.844102 0.005482
 0.074124 0.016019 0.893815 0.016043
 0.016043 0.095221 0.000179 0.888558
 0.000202 0.967736 0.005459 0.026603
 0.925519 0.000179 0.010739 0.063564
 0.031883 0.872694 0.000179 0.095244
 0.717403 0.065731 0.126901 0.089964
 0.058283 0.619249 0.126901 0.195567
 0.819917 0.010739 0.158582 0.010762
 0.137485 0.005459 0.830453 0.026603
 0.063564 0.793492 0.021299 0.121645
 0.200847 0.129093 0.105781 0.564280
 0.636008 0.058260 0.273849 0.031883

MOTIF 46-ACAGAGCGAGA STREME-46
letter-probability matrix: alength= 4 w= 11 nsites= 102 P= 3.5e-002
 0.967296 0.021417 0.005616 0.005671
 0.008627 0.956966 0.021417 0.012990
 0.986164 0.012934 0.000423 0.000479
 0.063036 0.007186 0.929299 0.000479
 0.972638 0.000423 0.019697 0.007242
 0.000479 0.007186 0.991856 0.000479
 0.000479 0.762757 0.000423 0.236341
 0.178644 0.000423 0.767995 0.052937
 0.979401 0.000423 0.012934 0.007242
 0.019753 0.030638 0.936619 0.012990
 0.961142 0.012934 0.025445 0.000479

MOTIF 47-GCTTAGTGAGGAAGGCATGT STREME-47
letter-probability matrix: alength= 4 w= 20 nsites= 66 P= 3.5e-002
 0.069452 0.017780 0.912109 0.000659
 0.000659 0.980902 0.000582 0.017857
 0.017857 0.000582 0.000582 0.980979
 0.000659 0.017780 0.017780 0.963781
 0.912185 0.000582 0.086574 0.000659
 0.017857 0.017780 0.929307 0.035056
 0.017857 0.000582 0.000582 0.980979
 0.086651 0.017780 0.894910 0.000659
 0.929384 0.000582 0.069375 0.000659
 0.155444 0.103772 0.688530 0.052254
 0.172642 0.069375 0.757323 0.000659
 0.929384 0.069375 0.000582 0.000659
 0.877789 0.000582 0.017780 0.103849
 0.035056 0.034979 0.808919 0.121047
 0.207039 0.017780 0.722927 0.052254
 0.017857 0.929307 0.000582 0.052254
 0.894987 0.052177 0.052177 0.000659
 0.052254 0.086574 0.052177 0.808995
 0.241437 0.017780 0.705727 0.035056
 0.017857 0.138169 0.017780 0.826193

MOTIF 48-ACAATGTCTGGAATCT STREME-48
letter-probability matrix: alength= 4 w= 16 nsites= 60 P= 3.5e-002
 0.980302 0.000603 0.018413 0.000682
 0.000682 0.908982 0.018413 0.071923
 0.873441 0.054033 0.071844 0.000682
 0.873441 0.018413 0.107464 0.000682
 0.000682 0.036223 0.000603 0.962492
 0.089734 0.000603 0.891171 0.018492
 0.036303 0.160897 0.000603 0.802198
 0.054113 0.908982 0.036223 0.000682
 0.054113 0.000603 0.000603 0.944682
 0.089734 0.000603 0.908981 0.000682
 0.071924 0.000603 0.908981 0.018492
 0.820010 0.143085 0.018413 0.018492
 0.944682 0.054033 0.000603 0.000682
 0.000682 0.000603 0.000603 0.998113
 0.089733 0.837741 0.054033 0.018492
 0.054113 0.089654 0.000603 0.855631

MOTIF 49-TTAAAAAAAAAA STREME-49
letter-probability matrix: alength= 4 w= 12 nsites= 259 P= 8.4e-002
 0.000580 0.000513 0.000513 0.998394
 0.000580 0.000513 0.000513 0.998394
 0.998394 0.000513 0.000513 0.000580
 0.998394 0.000513 0.000513 0.000580
 0.998394 0.000513 0.000513 0.000580
 0.998394 0.000513 0.000513 0.000580
 0.957041 0.000513 0.000513 0.041934
 0.821040 0.089436 0.088944 0.000580
 0.941981 0.000513 0.000513 0.056994
 0.874204 0.000513 0.062904 0.062379
 0.998394 0.000513 0.000513 0.000580
 0.725049 0.000513 0.000513 0.273926

MOTIF 50-AATATTAACT STREME-50
letter-probability matrix: alength= 4 w= 10 nsites= 278 P= 8.7e-002
 0.889211 0.030577 0.004810 0.075402
 0.844651 0.010538 0.045478 0.099333
 0.000428 0.000378 0.008487 0.990706
 0.984670 0.014524 0.000378 0.000428
 0.059143 0.001009 0.011554 0.928294
 0.000428 0.004219 0.000378 0.994975
 0.820301 0.000378 0.032859 0.146462
 0.964598 0.000429 0.011554 0.023419
 0.099863 0.888114 0.002419 0.009604
 0.108289 0.095845 0.006419 0.789447

MOTIF 51-TCCCCAGGGAC STREME-51
letter-probability matrix: alength= 4 w= 11 nsites= 530 P= 9.1e-002
 0.009572 0.005937 0.105996 0.878495
 0.027512 0.940971 0.028246 0.003271
 0.026863 0.881059 0.016152 0.075926
 0.001288 0.998485 0.000107 0.000121
 0.029336 0.815004 0.087933 0.067727
 0.774345 0.054737 0.035209 0.135709
 0.133628 0.009851 0.843938 0.012582
 0.182050 0.024635 0.791143 0.002172
 0.000121 0.005984 0.985771 0.008124
 0.827946 0.006401 0.126723 0.038930
 0.083968 0.728374 0.092012 0.095647

MOTIF 52-AAATAGCAA STREME-52
letter-probability matrix: alength= 4 w= 9 nsites= 706 P= 1.0e-001
 0.906764 0.008938 0.000878 0.083421
 0.963977 0.006919 0.011832 0.017272
 0.931016 0.032849 0.019512 0.016622
 0.000391 0.032308 0.002149 0.965152
 0.957717 0.030221 0.008465 0.003597
 0.045231 0.043550 0.908104 0.003115
 0.138397 0.828894 0.005268 0.027441
 0.935794 0.032083 0.010554 0.021568
 0.772113 0.045580 0.078993 0.103313

MOTIF 53-AAGTGAAAGGAAGAGTCA STREME-53
letter-probability matrix: alength= 4 w= 18 nsites= 50 P= 1.2e-001
 0.909050 0.022900 0.000749 0.067301
 0.931200 0.022900 0.022900 0.022999
 0.022999 0.045051 0.908951 0.022999
 0.000848 0.000749 0.067202 0.931200
 0.045150 0.022900 0.931101 0.000848
 0.931200 0.000749 0.067202 0.000848
 0.975502 0.022900 0.000749 0.000848
 0.975502 0.022900 0.000749 0.000848
 0.022999 0.000749 0.908951 0.067301
 0.111603 0.000749 0.864648 0.022999
 0.953351 0.022900 0.022900 0.000848
 0.953351 0.022900 0.022900 0.000848
 0.067301 0.089353 0.798197 0.045150
 0.975502 0.000749 0.022900 0.000848
 0.089452 0.067202 0.842498 0.000848
 0.000848 0.045051 0.000749 0.953351
 0.045150 0.709589 0.022900 0.222361
 0.665386 0.045052 0.266563 0.022999

MOTIF 54-AGGAAACAGAA STREME-54
letter-probability matrix: alength= 4 w= 11 nsites= 802 P= 1.4e-001
 0.906805 0.092893 0.000142 0.000161
 0.009363 0.060891 0.882944 0.046802
 0.000161 0.042257 0.951519 0.006063
 0.908258 0.058414 0.000142 0.033186
 0.828863 0.065568 0.070361 0.035209
 0.804725 0.190780 0.000142 0.004354
 0.000161 0.936966 0.032559 0.030314
 0.939114 0.000142 0.060584 0.000161
 0.119852 0.050576 0.694105 0.135467
 0.762642 0.012412 0.172194 0.052751
 0.607288 0.235341 0.000142 0.157228

MOTIF 55-ACAGTCATTCTG STREME-55
letter-probability matrix: alength= 4 w= 12 nsites= 86 P= 1.4e-001
 0.764518 0.096954 0.032712 0.105816
 0.082330 0.891358 0.000509 0.025804
 0.975246 0.000509 0.000509 0.023736
 0.000576 0.000509 0.998340 0.000576
 0.000576 0.000509 0.000509 0.998407
 0.015609 0.983306 0.000509 0.000576
 0.983374 0.000509 0.015542 0.000576
 0.105814 0.000509 0.000509 0.893169
 0.000576 0.302939 0.060645 0.635841
 0.015609 0.860138 0.045610 0.078642
 0.111174 0.000509 0.000509 0.887809
 0.000576 0.015542 0.983306 0.000576

MOTIF 56-AAAAGCAGAAGT STREME-56
letter-probability matrix: alength= 4 w= 12 nsites= 185 P= 1.5e-001
 0.957766 0.000280 0.000280 0.041674
 0.692958 0.000280 0.222961 0.083801
 0.731498 0.000280 0.000280 0.267942
 0.720894 0.008551 0.000280 0.270275
 0.000317 0.056107 0.943259 0.000317
 0.000317 0.729854 0.196475 0.073354
 0.982581 0.016822 0.000280 0.000317
 0.000317 0.000280 0.999087 0.000317
 0.934358 0.000280 0.000280 0.065082
 0.999124 0.000280 0.000280 0.000317
 0.000317 0.000280 0.999087 0.000317
 0.000317 0.179854 0.000280 0.819549

MOTIF 57-GGAWTCGAACCCRSGMC STREME-57
letter-probability matrix: alength= 4 w= 17 nsites= 110 P= 1.7e-001
 0.000379 0.049768 0.949475 0.000379
 0.000379 0.000334 0.998908 0.000379
 0.682578 0.000334 0.306823 0.010265
 0.277209 0.188182 0.069542 0.465067
 0.000379 0.079428 0.000334 0.919859
 0.000379 0.682532 0.089314 0.227775
 0.000379 0.049768 0.949475 0.000379
 0.998952 0.000334 0.000334 0.000379
 0.998952 0.000334 0.000334 0.000379
 0.000379 0.998908 0.000334 0.000379
 0.000379 0.998908 0.000334 0.000379
 0.089360 0.722076 0.059655 0.128909
 0.326647 0.109089 0.524339 0.039925
 0.000379 0.435362 0.553994 0.010265
 0.138793 0.039881 0.781401 0.039925
 0.405738 0.326607 0.138748 0.128907
 0.030039 0.731964 0.148638 0.089359

MOTIF 58-AGGAAGGAAG STREME-58
letter-probability matrix: alength= 4 w= 10 nsites= 544 P= 1.9e-001
 0.883430 0.008496 0.100289 0.007785
 0.033464 0.020501 0.945343 0.000692
 0.051092 0.022129 0.926389 0.000390
 0.859599 0.036063 0.044053 0.060286
 0.963781 0.009907 0.023634 0.002678
 0.005965 0.008496 0.984276 0.001263
 0.035718 0.013101 0.942648 0.008533
 0.878493 0.010361 0.037354 0.073792
 0.869432 0.050606 0.066902 0.013059
 0.102735 0.039981 0.843217 0.014067

MOTIF 59-CCCAAGGTCAC STREME-59
letter-probability matrix: alength= 4 w= 11 nsites= 96 P= 2.3e-001
 0.000562 0.889551 0.079972 0.029915
 0.000562 0.983703 0.015173 0.000562
 0.000562 0.998379 0.000497 0.000562
 0.998445 0.000497 0.000497 0.000562
 0.998445 0.000497 0.000497 0.000562
 0.000562 0.000497 0.998379 0.000562
 0.158100 0.000497 0.840841 0.000562
 0.000562 0.000497 0.051522 0.947419
 0.000562 0.709690 0.098381 0.191366
 0.939739 0.000497 0.059203 0.000562
 0.041520 0.750558 0.207360 0.000562

MOTIF 60-CACGTGGCTGGG STREME-60
letter-probability matrix: alength= 4 w= 12 nsites= 110 P= 2.3e-001
 0.000536 0.942428 0.028486 0.028549
 0.897776 0.003172 0.084510 0.014542
 0.014542 0.921746 0.049169 0.014542
 0.068193 0.006287 0.924984 0.000536
 0.014542 0.042492 0.000474 0.942491
 0.042554 0.014480 0.928423 0.014542
 0.070567 0.000474 0.880592 0.048368
 0.014542 0.880591 0.056499 0.048368
 0.084575 0.168547 0.112523 0.634355
 0.034361 0.062311 0.818755 0.084573
 0.000536 0.084510 0.848895 0.066058
 0.006349 0.034299 0.902791 0.056561

MOTIF 61-AAGTGAAATAAGCCAGWC STREME-61
letter-probability matrix: alength= 4 w= 18 nsites= 54 P= 2.5e-001
 0.889348 0.022404 0.044075 0.044172
 0.932691 0.022404 0.022404 0.022501
 0.065843 0.065746 0.867581 0.000830
 0.022501 0.022404 0.000733 0.954362
 0.065843 0.000733 0.932594 0.000830
 0.997704 0.000733 0.000733 0.000830
 0.976033 0.022404 0.000733 0.000830
 0.954362 0.000733 0.022404 0.022501
 0.022501 0.022404 0.217445 0.737650
 0.954362 0.022404 0.022404 0.000830
 0.976033 0.000733 0.000733 0.022501
 0.087515 0.022404 0.889251 0.000830
 0.022501 0.824238 0.087417 0.065843
 0.000830 0.932594 0.022404 0.044172
 0.976033 0.022404 0.000733 0.000830
 0.044172 0.022404 0.889252 0.044172
 0.369239 0.022404 0.065746 0.542611
 0.044172 0.824238 0.022404 0.109185

MOTIF 62-CCTCAGGAAACTTACAR STREME-62
letter-probability matrix: alength= 4 w= 17 nsites= 45 P= 2.5e-001
 0.000868 0.906889 0.068723 0.023520
 0.023520 0.861585 0.000766 0.114129
 0.068824 0.068723 0.023419 0.839034
 0.000868 0.997498 0.000766 0.000868
 0.997600 0.000766 0.000766 0.000868
 0.068824 0.000766 0.929542 0.000868
 0.000868 0.000766 0.997498 0.000868
 0.997600 0.000766 0.000766 0.000868
 0.974947 0.000766 0.023419 0.000868
 0.884339 0.000766 0.114027 0.000868
 0.000868 0.838932 0.000766 0.159434
 0.000868 0.000766 0.023419 0.974947
 0.000868 0.159332 0.000766 0.839034
 0.997600 0.000766 0.000766 0.000868
 0.046172 0.725671 0.114027 0.114129
 0.861686 0.046071 0.091375 0.000868
 0.635160 0.000766 0.363206 0.000868

MOTIF 63-CAGTTCCTCAAAA STREME-63
letter-probability matrix: alength= 4 w= 13 nsites= 68 P= 3.1e-001
 0.000649 0.879540 0.000573 0.119238
 0.957292 0.000573 0.041486 0.000649
 0.017590 0.000573 0.981188 0.000649
 0.000649 0.017514 0.000573 0.981264
 0.007680 0.034455 0.000573 0.957292
 0.126268 0.838627 0.000573 0.034531
 0.000649 0.947305 0.000573 0.051473
 0.034531 0.034455 0.017514 0.913499
 0.000649 0.969700 0.000573 0.029078
 0.974233 0.000573 0.000573 0.024621
 0.998205 0.000573 0.000573 0.000649
 0.940351 0.000573 0.000573 0.058503
 0.710203 0.034455 0.034455 0.220886

MOTIF 64-GGGAGGGAGR STREME-64
letter-probability matrix: alength= 4 w= 10 nsites= 750 P= 3.2e-001
 0.040881 0.013178 0.945619 0.000322
 0.017381 0.000284 0.982013 0.000322
 0.021686 0.000284 0.927665 0.050365
 0.982954 0.000284 0.000284 0.016478
 0.183608 0.016147 0.706660 0.093585
 0.000322 0.004953 0.964076 0.030649
 0.000322 0.122266 0.866043 0.011369
 0.899798 0.099597 0.000284 0.000322
 0.000322 0.038468 0.960889 0.000322
 0.519963 0.095164 0.360819 0.024054

********************************************************************************
Stopped because maximum number of motifs (64) reached.
********************************************************************************
COMMAND:	streme --p /mnt/md1/home/oriol//CAM/resources/IRF4/ChIP-seq/WT.fa --oc WT --maxw 21 --nmotifs 64
********************************************************************************
CPU:		GPURTX
********************************************************************************
FINALTIME:	12227.55 seconds
********************************************************************************
