loss
5.985707865132914
2.563803211092949
0.8659963212311268
0.20494691624492406
0.04460267441906035
0.023712302297353743
0.012142621817067266
0.010896530341822653
0.008578670450486242
0.006555258897366002
0.00613026935653761
0.005698594092391432
0.005308158689411357
0.004705458443262614
0.004166713937651366
0.0039757612439570945
0.0038645373843610286
0.0036845418254379185
0.0035911534309852867
0.0035345459572272376
0.0034178198027657344
0.003350937724346295
0.003352511053206399
0.0032898022913141175
0.003227366153034382
0.0031843410895671695
0.003143263166421093
0.003123500094632618
0.003089212510851212
0.00302605249802582
0.003015197634929791
0.0030070862351567486
0.0029787270723609254
0.0029390864758752286
0.0029739689941052348
0.0029518379322253166
0.002947686901257839
0.002941001194296405
0.0029527148788329213
0.002910936464671977
0.002922696967725642
0.002880585212027654
0.002892130083462689
0.0028831203171866947
0.0028513220619643107
0.0028545306297019122
0.0028607880430063233
0.0028308566209161654
0.0028191602865699677
0.0028256536280969156
0.0028106452653300948
0.002814220546395518
0.002809922105516307
0.002794251776766032
0.0028019000621861776
0.0027498394545400514
0.0027653738913941198
0.0027823529053712264
0.002781082724337466
0.002764261475414969
0.0027432446692255323
0.002721632838831283
0.002747574085602537
0.0027099907300435007
0.0027280726719181984
0.0027227744153351524
0.002713175003649667
0.002732673139660619
0.0027261552077252416
0.002688051151111722
0.002687532874988392
0.0027076252330443824
0.002688512465567328
0.002685650159313809
0.002687540893733967
0.0026784883332438766
0.0026928086339030417
0.00269592828763416
