loss
0.4409986436367035
0.46912534947142537
0.4686822735910403
0.4685004230924367
0.46842973764781853
0.46857243998605674
0.4683588256787792
0.4682127574951717
0.4681547035049863
0.46822959854977525
0.4680786667496265
0.46826559110204846
0.46815601207947255
0.46799095336615004
0.46802237523649315
0.46798824063705274
0.46796471425942776
0.46812050797499494
0.46788126484565107
0.4678429898777327
0.46783773537394785
0.46785042014603806
0.4678154526941593
0.467809084649512
0.4677375737408513
0.46777627595514165
0.46778193479073166
0.4677497435090801
0.4677962870921369
0.46790039071370293
0.4677477200224538
0.467687792122187
0.4677484168704404
0.4677106116084554
0.4676785884597106
0.46767311288901003
0.4679275392866283
0.46768561924873203
0.46770469979145246
0.46766371046603866
0.46763218426543357
0.46766556137934284
0.4676244390996937
0.4676515795011166
0.467609727776005
0.46758736104135684
0.46762337504421947
0.4676363973395206
0.46763514589388144
0.46759621424407866
0.46766924146235556
0.4676077159674708
0.4676287327315366
0.46758029658085454
0.46757664492050516
0.4676174805830958
0.4675856092506022
0.46759060623032284
0.4676239958085928
0.4676198203647334
0.4675911001619734
0.4675900792975223
0.4675677596220017
0.46756776467688704
0.46757772915652357
0.4675666677109051
0.46749632244236417
0.4675555336461038
0.4675548292147353
0.46753585801605696
0.4675320016802799
0.46755366933672105
0.4675162553224406
0.46752036678658665
0.46749831324930424
0.46750804536547347
0.46757258321156614
0.4675100833833142
0.4675079738729947
0.46754898384164967
0.4675557004088373
0.46751407018804303
0.4675594289021793
0.4674789663807373
0.4675185650551247
0.46754500484480044
0.4674899350508704
0.4674855837115457
0.4674437479921658
0.4675455853081623
0.46749558692914217
0.46748008058139096
0.4674427160725244
0.46746391031091666
0.46751146144561034
0.4674732438489544
0.4674220773202895
0.46744438102380576
0.4675258599397721
0.46742542223678923
0.4674176953607544
0.4674073870087348
0.46743068585960407
0.4673857405530899
0.4674346014290251
0.4674161639613147
0.46744583960696856
0.4673907304268812
0.4674805879944925
0.46745736580165514
0.4674176577853337
0.467426847715512
0.46740255435600125
0.46741579888286544
0.467439532907086
0.46737989907024236
0.467421500527938
