loss
0.6957687035347652
0.6893393362269682
0.6845988508533029
0.6758826667187261
0.6559082491725099
0.6151435626488105
0.5713685058495578
0.5436316541596955
0.5207027275772655
0.5009222165042279
0.4847763551800859
0.4695471376180649
0.45366787326102165
0.4428310949428409
0.42849503369892344
0.41948137885215236
0.4115497285828871
0.39583612832368587
0.3839315541234671
0.3777449025827296
0.36750522840256783
0.36263756132593344
0.35134487759833244
0.34126659760288164
0.337135190765063
0.3271542032267533
0.3201547393611833
0.31262003951797296
0.3106193421225922
0.30167651410196344
0.29458916158068416
