loss
0.710184608500428
0.6939545104533066
0.6916557362786045
0.6896389697069003
0.6854660702340397
0.6788556137938558
0.6698489262733931
0.659116182062361
0.6447949288067994
0.631658759382036
0.6199007873181943
0.6078609312758033
0.5933081426738221
0.5804580387509899
0.5684523898878215
0.558762691271158
0.5469108385804259
0.5351483661819387
0.525793026258916
0.5135649760932098
0.506302829325935
0.49442649145185213
0.4937710154939581
0.48106631857377513
0.47151388927006427
0.4638001666760739
0.461229908981441
0.45237075565037904
