loss
6.590188503265381
0.3817536815695453
0.3813757927316205
0.38110076496732226
0.380797439615556
0.38066437868196773
0.3802890722801091
0.38002236169068737
0.3798029767107138
0.3796384125864189
0.3793765032745242
0.3793081927279312
0.3791861504616142
0.37901946086823163
0.3788709775390342
0.3788571508634917
0.37875381634318944
loss
0.38176021060739956
0.3827851539586248
0.38220068446466016
0.381380407551358
0.3809428047672593
0.38055163309731455
0.38042412294060507
0.380254020682961
0.3801288193634052
0.3800164863862227
0.3798920425908027
0.37979329197369893
