loss
0.7055997682172198
0.6927900342714219
0.687178597563789
0.68267679640225
0.6761294433048793
0.6669840315977732
0.655816851627259
0.6383964689004988
0.6196403134436834
0.5988899455184028
0.5804745711031414
0.5611326013292585
0.5477748428072248
0.5309478505736306
0.517510304848353
0.5040137029829479
0.4951829058783395
0.4773168847674415
0.4663003008990061
0.45740018714041936
0.44684171747593654
0.4391402800877889
0.42468449544338954
0.4173847096306937
0.40954831597350894
0.40008972939990817
0.3960855191662198
0.3842314268861498
0.3797979319379443
0.3646529196273713
0.3646691810517084
0.3546556000198637
0.34830473150525776
0.34637764522007536
0.3383184749455679
0.3307200052908489
0.32615608260745094
0.3134939003558386
0.30977458968049004
0.3105454597444761
0.2968004828407651
0.2942431913245292
0.2900929631931441
0.28171905201105846
0.2809989782316344
0.2745862777034442
0.2688169525492759
0.26709880644366857
0.25809955171176363
0.2604954405909493
