loss
0.7038993193553045
0.6917542914549509
0.685384546717008
0.6775158047676086
0.673514778415362
0.6630032112201055
0.6594617962837219
0.6491171171267828
0.6427949666976929
0.630222330490748
0.6178508053223292
0.6124595453341802
0.6000878363847733
0.5890013426542282
0.5795421078801155
0.5677695646882057
0.5625647058089575
0.5519093622763952
0.5387948850790659
0.5269028544425964
0.5178434699773788
0.5117987369497617
0.4979107429583867
0.4902804469068845
0.48552190015713376
0.47402417411406833
0.4698857342203458
0.46227497855822247
0.453419990837574
0.44350599745909375
0.44035283476114273
0.4272899975379308
0.42139666279157
0.4156215116381645
0.4074222420652707
0.4008330876628558
0.39383719364802044
0.3893538365761439
0.3844083994626999
0.3726196214556694
0.3695982024073601
0.36669490734736127
0.3627065072456996
0.3528021400173505
0.3554859086871147
0.3465583672126134
0.3362736130754153
0.3337357056637605
0.32709987089037895
0.3268968500196934
0.31955385704835254
0.3157363533973694
0.31417818491657573
0.311875535796086
0.3053956888616085
0.30030539507667225
0.29311368986964226
0.28833035628000897
0.28795257583260536
0.2912725781400998
0.27565118049581844
0.27559107293685275
0.26896314198772114
0.27228151510159176
0.26298528785506886
0.25834236418207485
0.258302712192138
0.2531345449388027
0.2506146269539992
0.2507801925142606
0.2463884005943934
0.24123886475960413
0.239640224725008
0.23161097367604574
0.22984707728028297
0.22911320378383002
0.22341089571515718
0.21854156628251076
0.22052721058328947
0.2175933135052522
0.21395517885684967
0.21685168147087097
0.20739682267109552
0.20808944975336394
0.2061691569785277
0.20286096259951591
0.1985295315583547
0.1968072640399138
0.20136703054110208
0.1900372989475727
0.1928823192914327
0.1862412691116333
0.18465391794840494
0.18509217103322348
0.18187048907081285
0.18350321551163992
0.17552128434181213
