loss
0.6664424396079519
0.528337397026431
0.4744687790929134
0.4505469242785867
0.4364500408763782
0.42852646518468207
0.42214022735159146
0.4160949970298632
0.4100908791742793
0.4038921059883258
0.3971822741327234
0.3918512472908243
0.3833769078313167
0.3770731998561838
0.36974693684551957
0.3640969077312979
0.35666946510528025
0.35089857644865885
0.34365849676021765
0.3380641718813769
0.33486957774987336
0.3285608050446419
0.3243826499021021
0.3210379219022694
0.31460957846297233
0.31240501900378626
0.3087497111968189
