loss
0.6932883308386244
0.6641243563758003
0.6454653927148917
0.6324889533794843
0.6211363303865123
0.6084638928246294
0.5969950784093294
0.5874289065344721
0.5773064521515471
0.5666826811229062
0.5581158914117732
0.5488512152407923
0.5423351669540772
0.5327555154505957
0.5273647307076006
0.5217053657158827
0.516923393894974
0.5110064193479016
0.5062122505444747
0.5022639107500386
0.49844123754236436
0.4929664498593053
0.49140039232806265
0.48434600838993347
0.48240221329988575
0.4791316118759987
0.4753962726547168
