loss
0.6688496733673566
0.5709178375436904
0.5266104124962016
0.5108970971183574
0.49900456188206976
0.4897979036924687
0.4823382840511647
0.47491436055366026
0.4676093909017583
0.459651524969872
0.4522497778718776
0.4482759134883576
0.4409480613596896
0.43523190810166773
0.43193607558595376
0.4255733159469797
0.42290524304547206
0.41800910243962675
0.41227015176034987
0.4089767690351669
0.4049177677390423
0.39946672707162006
0.3990254112222093
0.39388688014859846
0.38931463008865397
0.3868341251296249
