********************************************************************************
STREME - Sensitive, Thorough, Rapid, Enriched Motif Elicitation
********************************************************************************
MEME version 5.3.0 (Release date: Wed Nov 25 19:19:29 2020 -0800)

For further information on how to interpret please access http://meme-suite.org.
To get a copy of the MEME Suite software please access http://meme-suite.org.

********************************************************************************


********************************************************************************
REFERENCE
********************************************************************************
If you use this program in your research, please cite:

Timothy L. Bailey,
"STREME: Accurate and versatile sequence motif discovery",
bioRxiv, (preprint), Nov. 23, 2020.
********************************************************************************


ALPHABET= ACGT

strands: + -

Background letter frequencies
A 0.292 C 0.208 G 0.208 T 0.292 

MOTIF 1-CCAGCCTGGGCRACAKRG STREME-1
letter-probability matrix: alength= 4 w= 18 nsites= 2860 P= 4.0e-084
 0.019119 0.920035 0.019504 0.041341
 0.014441 0.915356 0.003520 0.066682
 0.980857 0.003910 0.010538 0.004695
 0.032764 0.008199 0.902099 0.056939
 0.010932 0.940697 0.008978 0.039392
 0.014051 0.944206 0.005859 0.035884
 0.007034 0.011317 0.002351 0.979298
 0.048359 0.008978 0.931731 0.010932
 0.082675 0.006249 0.904042 0.007034
 0.042511 0.255457 0.685252 0.016780
 0.028086 0.671931 0.011707 0.288276
 0.630959 0.010928 0.348740 0.009373
 0.957856 0.004690 0.029251 0.008203
 0.017170 0.904830 0.016775 0.061225
 0.959416 0.004690 0.031200 0.004695
 0.111527 0.075647 0.450145 0.362681
 0.622085 0.008588 0.357224 0.012102
 0.120105 0.014826 0.855696 0.009373

MOTIF 2-GGGAGGCYGAGGYRGGAGR STREME-2
letter-probability matrix: alength= 4 w= 19 nsites= 2729 P= 1.3e-074
 0.210565 0.007896 0.761419 0.020120
 0.048108 0.001983 0.944768 0.005141
 0.034311 0.003165 0.956200 0.006324
 0.994047 0.001983 0.002771 0.001199
 0.054021 0.001983 0.940038 0.003958
 0.032735 0.003954 0.958171 0.005141
 0.006324 0.893908 0.004742 0.095026
 0.067435 0.272019 0.118685 0.541861
 0.150208 0.008290 0.837149 0.004353
 0.965271 0.006319 0.024057 0.004353
 0.048108 0.005136 0.940826 0.005929
 0.045743 0.025242 0.919932 0.009083
 0.028792 0.581277 0.015385 0.374545
 0.458682 0.009867 0.348890 0.182561
 0.051656 0.012232 0.922693 0.013419
 0.046531 0.175066 0.766954 0.011448
 0.653447 0.158482 0.026423 0.161649
 0.119853 0.009867 0.861592 0.008689
 0.309666 0.005925 0.513674 0.170735

MOTIF 3-GCCTGTAATCCCAGCWMYT STREME-3
letter-probability matrix: alength= 4 w= 19 nsites= 2439 P= 2.1e-068
 0.276688 0.010964 0.686144 0.026204
 0.009065 0.943769 0.010012 0.037154
 0.005257 0.951387 0.003823 0.039533
 0.004781 0.014772 0.003823 0.976625
 0.085238 0.005251 0.901874 0.007637
 0.006209 0.026198 0.004299 0.963295
 0.957105 0.007631 0.030483 0.004781
 0.743759 0.006203 0.245258 0.004781
 0.006685 0.017153 0.003347 0.972816
 0.010017 0.926632 0.010488 0.052863
 0.007161 0.926155 0.006203 0.060481
 0.005733 0.912823 0.003347 0.078097
 0.979005 0.001919 0.010964 0.008113
 0.064291 0.007155 0.921392 0.007161
 0.018587 0.926155 0.009535 0.045722
 0.494174 0.011916 0.012868 0.481042
 0.469617 0.479410 0.018581 0.032393
 0.007161 0.463422 0.006679 0.522738
 0.009065 0.029530 0.017152 0.944252

MOTIF 4-GTCTCWAMAAAAAAAAAAAAA STREME-4
letter-probability matrix: alength= 4 w= 21 nsites= 2388 P= 1.4e-061
 0.311860 0.023861 0.641691 0.022589
 0.020255 0.024312 0.005618 0.949815
 0.007880 0.942370 0.013555 0.036194
 0.009751 0.007542 0.005882 0.976826
 0.045780 0.899645 0.005618 0.048957
 0.578439 0.031160 0.007236 0.383165
 0.961398 0.006784 0.025930 0.005887
 0.622676 0.334860 0.018069 0.024395
 0.686962 0.027098 0.014909 0.271031
 0.940822 0.026646 0.017618 0.014915
 0.937662 0.032062 0.016263 0.014012
 0.947142 0.021680 0.011298 0.019880
 0.941273 0.015361 0.015812 0.027554
 0.936759 0.017618 0.021229 0.024394
 0.640919 0.033417 0.014007 0.311658
 0.920058 0.025291 0.019423 0.035228
 0.634600 0.289985 0.028000 0.047415
 0.898843 0.030257 0.031611 0.039290
 0.902905 0.029354 0.031159 0.036581
 0.892071 0.028903 0.039285 0.039741
 0.851973 0.039736 0.046244 0.062047

MOTIF 5-RGYGCRGTGGCD STREME-5
letter-probability matrix: alength= 4 w= 12 nsites= 2845 P= 1.7e-060
 0.456541 0.003542 0.539900 0.000018
 0.022198 0.000013 0.977772 0.000018
 0.000018 0.405423 0.000013 0.594547
 0.232302 0.000013 0.767668 0.000018
 0.000018 0.676030 0.000013 0.323939
 0.577259 0.011858 0.410865 0.000018
 0.084857 0.000013 0.915113 0.000018
 0.000018 0.020571 0.000013 0.979398
 0.011565 0.001025 0.986973 0.000437
 0.011024 0.000013 0.988946 0.000018
 0.000018 0.788882 0.000013 0.211087
 0.263415 0.000013 0.362876 0.373696

MOTIF 6-ATCRCTTGARCCC STREME-6
letter-probability matrix: alength= 4 w= 13 nsites= 1634 P= 1.4e-040
 0.983621 0.007805 0.005135 0.003439
 0.000029 0.024045 0.000985 0.974941
 0.014765 0.650967 0.063380 0.270889
 0.385905 0.022127 0.566705 0.025263
 0.006848 0.969626 0.000020 0.023505
 0.000029 0.014235 0.032085 0.953651
 0.000994 0.010250 0.009568 0.979188
 0.019124 0.006158 0.969915 0.004802
 0.989019 0.002748 0.006158 0.002075
 0.562439 0.003430 0.430692 0.003439
 0.009592 0.815859 0.124672 0.049877
 0.004120 0.873881 0.002748 0.119250
 0.013732 0.778482 0.011614 0.196172

MOTIF 7-YGATCTYGGCTCA STREME-7
letter-probability matrix: alength= 4 w= 13 nsites= 1361 P= 2.5e-036
 0.016058 0.636674 0.017897 0.329371
 0.275187 0.049588 0.659310 0.015914
 0.975109 0.000869 0.023987 0.000035
 0.005095 0.021107 0.000025 0.973773
 0.010155 0.982339 0.000025 0.007482
 0.141497 0.003398 0.010144 0.844960
 0.000879 0.641786 0.003398 0.353937
 0.305130 0.013024 0.657823 0.024023
 0.037139 0.005928 0.951837 0.005095
 0.000035 0.984725 0.001712 0.013528
 0.003408 0.006771 0.000025 0.989795
 0.002565 0.974034 0.002555 0.020846
 0.987265 0.001712 0.010988 0.000035

MOTIF 8-AGGAGTTCGAGA STREME-8
letter-probability matrix: alength= 4 w= 12 nsites= 999 P= 7.1e-026
 0.941068 0.002466 0.053985 0.002481
 0.024350 0.004896 0.970703 0.000051
 0.007341 0.000037 0.991357 0.001266
 0.992586 0.001251 0.000037 0.006126
 0.004911 0.000037 0.995002 0.000051
 0.104181 0.004896 0.004896 0.886027
 0.000051 0.000037 0.000037 0.999876
 0.011878 0.683333 0.030183 0.274606
 0.310071 0.000037 0.689841 0.000051
 0.992587 0.002466 0.002466 0.002481
 0.003696 0.004896 0.987712 0.003696
 0.909451 0.001251 0.089247 0.000051

MOTIF 9-AAAAAAAAAAAAAAAVAAA STREME-9
letter-probability matrix: alength= 4 w= 19 nsites= 1728 P= 7.1e-021
 0.948090 0.018888 0.000021 0.033001
 0.999930 0.000021 0.000021 0.000029
 0.935118 0.031963 0.019126 0.013793
 0.609844 0.184748 0.109433 0.095976
 0.886508 0.046129 0.067333 0.000029
 0.823940 0.119251 0.056780 0.000029
 0.928484 0.003462 0.060170 0.007885
 0.688843 0.139612 0.085892 0.085653
 0.889248 0.057141 0.044636 0.008975
 0.838458 0.066775 0.075871 0.018896
 0.792672 0.112996 0.087421 0.006911
 0.607306 0.173172 0.127675 0.091846
 0.942845 0.033339 0.017593 0.006223
 0.960921 0.025484 0.013566 0.000029
 0.972507 0.003462 0.007019 0.017012
 0.217480 0.275594 0.356261 0.150664
 0.799010 0.092155 0.019290 0.089544
 0.925082 0.022661 0.037776 0.014481
 0.887480 0.055264 0.039121 0.018134

MOTIF 10-RGAAATGA STREME-10
letter-probability matrix: alength= 4 w= 8 nsites= 17002 P= 5.0e-016
 0.515540 0.018291 0.412424 0.053745
 0.000074 0.092124 0.791898 0.115904
 0.946131 0.042966 0.009119 0.001783
 0.931882 0.002187 0.065856 0.000074
 0.883601 0.027454 0.088871 0.000074
 0.000074 0.074259 0.053979 0.871688
 0.100929 0.015029 0.879872 0.004171
 0.804340 0.112466 0.054535 0.028658

MOTIF 11-CTGCAACCTCYRCCTCC STREME-11
letter-probability matrix: alength= 4 w= 17 nsites= 508 P= 2.0e-015
 0.008536 0.894176 0.033850 0.063439
 0.008535 0.082418 0.000063 0.908983
 0.109895 0.000063 0.889952 0.000089
 0.035987 0.919516 0.002175 0.042322
 0.991338 0.004287 0.000063 0.004312
 0.683036 0.027515 0.278802 0.010647
 0.061328 0.743368 0.116207 0.079097
 0.027541 0.868836 0.027515 0.076108
 0.027540 0.044408 0.010622 0.917430
 0.012759 0.876406 0.019068 0.091767
 0.093002 0.435067 0.114093 0.357838
 0.479438 0.052855 0.425385 0.042322
 0.107783 0.788593 0.025403 0.078221
 0.038099 0.835049 0.010622 0.116231
 0.040210 0.065525 0.021180 0.873085
 0.010647 0.849831 0.025403 0.114118
 0.010647 0.847720 0.023292 0.118342

MOTIF 12-CCCCCACCCC STREME-12
letter-probability matrix: alength= 4 w= 10 nsites= 3124 P= 1.4e-013
 0.085089 0.610305 0.069979 0.234628
 0.011472 0.957714 0.003719 0.027095
 0.023779 0.913970 0.050144 0.012107
 0.016580 0.956056 0.005118 0.022246
 0.157721 0.777102 0.050319 0.014858
 0.713464 0.000040 0.148051 0.138445
 0.065317 0.876629 0.000040 0.058014
 0.000056 0.982894 0.012728 0.004322
 0.016980 0.916869 0.017007 0.049143
 0.055058 0.904628 0.024468 0.015846

MOTIF 13-ATGASTCAT STREME-13
letter-probability matrix: alength= 4 w= 9 nsites= 3386 P= 1.6e-013
 0.540101 0.222106 0.161770 0.076022
 0.000071 0.045615 0.000051 0.954264
 0.000071 0.000051 0.753614 0.246265
 0.999828 0.000051 0.000051 0.000071
 0.000071 0.499929 0.499929 0.000071
 0.000071 0.000051 0.000051 0.999828
 0.246265 0.753614 0.000051 0.000071
 0.954264 0.000051 0.045615 0.000071
 0.076022 0.161770 0.222106 0.540101

MOTIF 14-AGGAAGKAR STREME-14
letter-probability matrix: alength= 4 w= 9 nsites= 6533 P= 3.4e-013
 0.776499 0.000058 0.223363 0.000081
 0.000081 0.062982 0.936856 0.000081
 0.000081 0.007011 0.992828 0.000081
 0.972512 0.010089 0.008193 0.009206
 0.979437 0.020425 0.000058 0.000081
 0.019062 0.015977 0.964881 0.000081
 0.158466 0.125263 0.477061 0.239210
 0.567197 0.126211 0.238502 0.068091
 0.575510 0.000058 0.420043 0.004389

MOTIF 15-AGACYCYGTCTC STREME-15
letter-probability matrix: alength= 4 w= 12 nsites= 644 P= 3.8e-013
 0.965201 0.014935 0.015767 0.004096
 0.167320 0.000060 0.828524 0.004096
 0.994950 0.000060 0.000060 0.004929
 0.000084 0.974338 0.000060 0.025517
 0.042401 0.514682 0.010090 0.432827
 0.003175 0.919637 0.004459 0.072729
 0.000685 0.331388 0.016108 0.651819
 0.196498 0.004072 0.799345 0.000084
 0.021148 0.010376 0.000060 0.968416
 0.014513 0.939202 0.000060 0.046225
 0.014127 0.021905 0.008917 0.955052
 0.016519 0.962998 0.000060 0.020422

MOTIF 16-ATCACCTGAGGTC STREME-16
letter-probability matrix: alength= 4 w= 13 nsites= 377 P= 3.7e-012
 0.980811 0.000094 0.018962 0.000132
 0.000132 0.010134 0.000094 0.989639
 0.012710 0.969208 0.012673 0.005409
 0.971378 0.003239 0.015817 0.009566
 0.006421 0.889571 0.000094 0.103913
 0.010172 0.841797 0.006384 0.141648
 0.006421 0.009528 0.003239 0.980812
 0.059882 0.006384 0.924169 0.009566
 0.983956 0.003239 0.006384 0.006421
 0.028434 0.012673 0.952472 0.006421
 0.037868 0.009528 0.946183 0.006421
 0.001437 0.020663 0.000094 0.977805
 0.000132 0.936748 0.009528 0.053592

MOTIF 17-CATTTTACAGATGAGGAAAC STREME-17
letter-probability matrix: alength= 4 w= 20 nsites= 532 P= 1.4e-011
 0.026057 0.789862 0.008720 0.175361
 0.876441 0.049833 0.067144 0.006583
 0.036876 0.056324 0.023867 0.882932
 0.002255 0.054161 0.013048 0.930536
 0.006583 0.021703 0.045505 0.926209
 0.015238 0.086618 0.051997 0.846147
 0.841820 0.023867 0.093109 0.041204
 0.041204 0.701145 0.021703 0.235948
 0.906734 0.015212 0.028195 0.049859
 0.093136 0.047669 0.826647 0.032548
 0.798543 0.039014 0.114748 0.047695
 0.071497 0.056324 0.054161 0.818018
 0.272733 0.021703 0.685998 0.019565
 0.798543 0.015212 0.149369 0.036876
 0.207818 0.013048 0.744422 0.034712
 0.268405 0.021703 0.681671 0.028221
 0.898079 0.021703 0.049833 0.030385
 0.867786 0.043342 0.039014 0.049859
 0.818018 0.054161 0.108256 0.019565
 0.065006 0.664360 0.060652 0.209982

MOTIF 18-TATTTTTAAA STREME-18
letter-probability matrix: alength= 4 w= 10 nsites= 4257 P= 3.3e-011
 0.091630 0.085748 0.076139 0.746483
 0.935799 0.000071 0.000071 0.064060
 0.008676 0.053208 0.000071 0.938045
 0.000099 0.010018 0.000071 0.989812
 0.010966 0.000071 0.006307 0.982657
 0.022934 0.013196 0.021502 0.942368
 0.293122 0.025870 0.019061 0.661947
 0.905767 0.000071 0.000071 0.094092
 0.987326 0.000071 0.012504 0.000099
 0.935259 0.000071 0.012077 0.052593

MOTIF 19-ATTAGCCRGGCRTGGTG STREME-19
letter-probability matrix: alength= 4 w= 17 nsites= 375 P= 1.3e-010
 0.949456 0.000084 0.039174 0.011286
 0.033623 0.025213 0.014045 0.927119
 0.011286 0.028005 0.011252 0.949456
 0.969001 0.000084 0.016837 0.014078
 0.030831 0.002876 0.955007 0.011286
 0.005702 0.963383 0.005668 0.025247
 0.014078 0.667411 0.000084 0.318426
 0.483163 0.011252 0.480338 0.025247
 0.075506 0.022421 0.882411 0.019663
 0.122973 0.025213 0.820982 0.030831
 0.053168 0.670205 0.014045 0.262582
 0.460826 0.055928 0.421701 0.061545
 0.011286 0.041966 0.002876 0.943872
 0.092259 0.016837 0.843321 0.047584
 0.111804 0.022421 0.809814 0.055961
 0.014078 0.039174 0.039174 0.907574
 0.156478 0.008460 0.793062 0.042000

MOTIF 20-AYACACACACACACACAYA STREME-20
letter-probability matrix: alength= 4 w= 19 nsites= 967 P= 1.7e-010
 0.916592 0.018256 0.065098 0.000055
 0.055828 0.517378 0.002641 0.424152
 0.889032 0.000039 0.109573 0.001356
 0.038471 0.756650 0.048183 0.156696
 0.982952 0.011750 0.005244 0.000055
 0.023476 0.790555 0.000039 0.185930
 0.943916 0.007846 0.048183 0.000055
 0.032584 0.761977 0.026063 0.179376
 0.906694 0.000039 0.037261 0.056005
 0.012416 0.643737 0.058158 0.285689
 0.822368 0.018256 0.155418 0.003958
 0.067716 0.763514 0.002641 0.166129
 0.929603 0.024761 0.037773 0.007862
 0.020874 0.748188 0.019557 0.211381
 0.942615 0.018256 0.016954 0.022175
 0.023476 0.709169 0.039400 0.227955
 0.840111 0.016954 0.100770 0.042165
 0.050398 0.615404 0.020539 0.313658
 0.858801 0.051255 0.032569 0.057376

MOTIF 21-GGTGGGAATGTAAAWTRGT STREME-21
letter-probability matrix: alength= 4 w= 19 nsites= 239 P= 9.8e-010
 0.103074 0.000147 0.827995 0.068784
 0.107972 0.000147 0.857386 0.034495
 0.024698 0.034436 0.005046 0.935820
 0.161855 0.000147 0.813300 0.024698
 0.186347 0.000147 0.769214 0.044292
 0.054089 0.034436 0.886776 0.024698
 0.989703 0.005046 0.005046 0.000206
 0.788864 0.029538 0.171595 0.010003
 0.019800 0.014843 0.009944 0.955414
 0.137362 0.005046 0.852487 0.005105
 0.010003 0.117710 0.009944 0.862343
 0.921124 0.014843 0.044233 0.019800
 0.955414 0.024639 0.005046 0.014901
 0.945617 0.029538 0.024639 0.000206
 0.396983 0.039335 0.009944 0.553738
 0.010003 0.039335 0.005046 0.945617
 0.509652 0.009944 0.431213 0.049191
 0.073683 0.019741 0.881878 0.024698
 0.014901 0.068725 0.014843 0.901531

MOTIF 22-ATGAATGRATAAAYAAA STREME-22
letter-probability matrix: alength= 4 w= 17 nsites= 374 P= 2.3e-009
 0.756057 0.026830 0.083284 0.133829
 0.023895 0.038715 0.009003 0.928387
 0.172456 0.050600 0.758992 0.017952
 0.958099 0.000089 0.041686 0.000125
 0.910560 0.009003 0.065456 0.014981
 0.009039 0.065456 0.003060 0.922445
 0.185574 0.003060 0.751817 0.059549
 0.515382 0.020888 0.460634 0.003096
 0.880848 0.006032 0.098139 0.014981
 0.012010 0.025092 0.009003 0.953895
 0.663946 0.020888 0.243732 0.071434
 0.946215 0.044657 0.000089 0.009039
 0.843960 0.000089 0.155825 0.000125
 0.071434 0.377439 0.124882 0.426245
 0.753082 0.011974 0.202135 0.032808
 0.871934 0.041686 0.086254 0.000125
 0.901647 0.017917 0.080312 0.000125

MOTIF 23-GCTATTRTGAATARTGCTGC STREME-23
letter-probability matrix: alength= 4 w= 20 nsites= 217 P= 1.0e-007
 0.065041 0.010965 0.907564 0.016431
 0.005628 0.907564 0.010965 0.075843
 0.027233 0.048773 0.016366 0.907629
 0.853617 0.021767 0.097383 0.027233
 0.016431 0.097383 0.000162 0.886024
 0.005628 0.043371 0.016366 0.934634
 0.362105 0.000162 0.605099 0.032634
 0.016431 0.102784 0.000162 0.880623
 0.200070 0.005563 0.783337 0.011030
 0.934634 0.016366 0.032569 0.016431
 0.956239 0.016366 0.016366 0.011030
 0.011030 0.102785 0.010965 0.875221
 0.907629 0.010965 0.054174 0.027233
 0.572752 0.032569 0.378249 0.016431
 0.119052 0.027168 0.000162 0.853617
 0.097448 0.010965 0.858953 0.032634
 0.005628 0.853552 0.010965 0.129855
 0.021832 0.037970 0.010965 0.929233
 0.113651 0.032569 0.799541 0.054239
 0.005628 0.804940 0.010965 0.178467

MOTIF 24-AAACCACAR STREME-24
letter-probability matrix: alength= 4 w= 9 nsites= 4628 P= 1.6e-007
 0.665030 0.109797 0.000093 0.225080
 0.821833 0.000093 0.149422 0.028653
 0.973287 0.026491 0.000093 0.000130
 0.000130 0.999648 0.000093 0.000130
 0.043325 0.956453 0.000093 0.000130
 0.921108 0.000093 0.078670 0.000130
 0.000130 0.999648 0.000093 0.000130
 0.914322 0.000093 0.085456 0.000130
 0.439940 0.000093 0.421031 0.138936

MOTIF 25-ATTGCTGGRTCAWATG STREME-25
letter-probability matrix: alength= 4 w= 16 nsites= 203 P= 2.0e-007
 0.937680 0.017009 0.045075 0.000236
 0.000236 0.089982 0.000169 0.909613
 0.017076 0.005782 0.017009 0.960133
 0.017076 0.011395 0.926385 0.045143
 0.005850 0.920772 0.000169 0.073210
 0.022690 0.000169 0.000169 0.976973
 0.118116 0.000169 0.870252 0.011463
 0.095663 0.000169 0.870252 0.033916
 0.370720 0.011395 0.612035 0.005850
 0.011463 0.022622 0.000169 0.965746
 0.000236 0.887092 0.000169 0.112503
 0.892773 0.005782 0.084369 0.017076
 0.410021 0.033849 0.033849 0.522281
 0.915226 0.000169 0.073142 0.011463
 0.056370 0.039462 0.118049 0.786120
 0.134956 0.005782 0.853412 0.005850

MOTIF 26-CAACATGGATGAACCTTGAR STREME-26
letter-probability matrix: alength= 4 w= 20 nsites= 243 P= 3.9e-007
 0.018529 0.829864 0.078068 0.073539
 0.862008 0.050563 0.068900 0.018529
 0.889513 0.000138 0.091820 0.018529
 0.004777 0.898626 0.009306 0.087291
 0.862008 0.013890 0.064315 0.059786
 0.000193 0.110157 0.009306 0.880344
 0.133132 0.000138 0.843616 0.023113
 0.183558 0.018474 0.793191 0.004777
 0.917017 0.009306 0.055147 0.018529
 0.000193 0.041395 0.064315 0.894097
 0.165221 0.004722 0.806944 0.023113
 0.848256 0.073484 0.068900 0.009361
 0.894097 0.023058 0.073484 0.009361
 0.068955 0.582321 0.128493 0.220231
 0.018529 0.884873 0.018474 0.078123
 0.036866 0.096404 0.013890 0.852840
 0.032282 0.165166 0.233928 0.568624
 0.220231 0.036811 0.724429 0.018529
 0.903265 0.023058 0.050563 0.023113
 0.463189 0.004722 0.513560 0.018529

MOTIF 27-ATGGAATAYTATTCAGCCWT STREME-27
letter-probability matrix: alength= 4 w= 20 nsites= 197 P= 1.9e-006
 0.826146 0.000174 0.144560 0.029120
 0.017569 0.040602 0.023275 0.918553
 0.098426 0.005949 0.889606 0.006019
 0.086875 0.000174 0.895382 0.017569
 0.947431 0.017500 0.029051 0.006019
 0.872349 0.040602 0.069479 0.017569
 0.011794 0.046377 0.000174 0.941655
 0.958982 0.000174 0.029051 0.011794
 0.029120 0.456444 0.023275 0.491160
 0.023345 0.052153 0.000174 0.924329
 0.924329 0.000174 0.034826 0.040671
 0.023345 0.144560 0.000174 0.831921
 0.092651 0.011725 0.277405 0.618220
 0.000243 0.756770 0.011725 0.231263
 0.883900 0.011725 0.075255 0.029120
 0.127304 0.023275 0.843402 0.006019
 0.034896 0.849178 0.000174 0.115753
 0.185058 0.727893 0.005949 0.081100
 0.629778 0.000174 0.040602 0.329446
 0.000243 0.040602 0.011725 0.947431

MOTIF 28-CTCYCTCTYYCTCTYYYTC STREME-28
letter-probability matrix: alength= 4 w= 19 nsites= 1689 P= 2.9e-006
 0.000651 0.858354 0.019104 0.121891
 0.000026 0.000019 0.021885 0.978070
 0.008148 0.703391 0.047135 0.241327
 0.000026 0.381099 0.080246 0.538628
 0.016270 0.686549 0.096803 0.200379
 0.000026 0.142462 0.000019 0.857492
 0.000026 0.796365 0.127728 0.075881
 0.088116 0.242058 0.022510 0.647316
 0.022517 0.507967 0.146836 0.322679
 0.001276 0.310243 0.068742 0.619740
 0.000026 0.756553 0.083111 0.160309
 0.058128 0.304168 0.025634 0.612070
 0.013771 0.677037 0.089983 0.219209
 0.119613 0.245547 0.081496 0.553344
 0.046883 0.533954 0.142766 0.276398
 0.081869 0.450082 0.045001 0.423048
 0.037771 0.614709 0.026690 0.320831
 0.046258 0.307344 0.026258 0.620139
 0.000339 0.761519 0.044636 0.193506

MOTIF 29-ACAGTGCCTGGCACA STREME-29
letter-probability matrix: alength= 4 w= 15 nsites= 380 P= 4.4e-006
 0.737209 0.171995 0.084828 0.005967
 0.058565 0.748863 0.029309 0.163264
 0.798077 0.064374 0.049763 0.087786
 0.135752 0.018833 0.842370 0.003045
 0.000123 0.055608 0.040997 0.903272
 0.055643 0.014698 0.859406 0.070253
 0.008889 0.871094 0.008854 0.111162
 0.005967 0.907869 0.005932 0.080232
 0.027635 0.100652 0.003010 0.868704
 0.229259 0.000088 0.761764 0.008889
 0.122851 0.049763 0.812652 0.014733
 0.046876 0.864037 0.000088 0.088998
 0.874051 0.090673 0.017620 0.017656
 0.049799 0.722564 0.005932 0.221706
 0.823163 0.017620 0.081906 0.077310

MOTIF 30-TCTTTGAGRAATCKCCAWACT STREME-30
letter-probability matrix: alength= 4 w= 21 nsites= 116 P= 7.5e-006
 0.000442 0.010826 0.021336 0.967395
 0.052994 0.630939 0.010826 0.305241
 0.010953 0.063378 0.010826 0.914843
 0.000442 0.000316 0.021336 0.977905
 0.000442 0.000316 0.000316 0.998926
 0.179118 0.000316 0.820124 0.000442
 0.998926 0.000316 0.000316 0.000442
 0.042483 0.010826 0.935738 0.010953
 0.546982 0.000316 0.441750 0.010953
 0.935864 0.021336 0.021336 0.021463
 0.946375 0.010826 0.042357 0.000442
 0.000442 0.242053 0.000316 0.757189
 0.000442 0.715021 0.000316 0.284221
 0.210649 0.000316 0.273584 0.515451
 0.000442 0.935738 0.010826 0.052994
 0.010953 0.977779 0.000316 0.010953
 0.946375 0.010826 0.031847 0.010953
 0.462899 0.189502 0.063378 0.284221
 0.946375 0.021336 0.021336 0.010953
 0.021463 0.841145 0.010826 0.126566
 0.010953 0.010826 0.000316 0.977905

MOTIF 31-CAYGCCTGTAATC STREME-31
letter-probability matrix: alength= 4 w= 13 nsites= 128 P= 3.0e-005
 0.000377 0.981058 0.018188 0.000377
 0.918449 0.018188 0.045066 0.018296
 0.000377 0.365855 0.009229 0.624539
 0.179594 0.010955 0.809074 0.000377
 0.000377 0.945220 0.009229 0.045174
 0.000377 0.964661 0.000269 0.034693
 0.000377 0.000269 0.018188 0.981166
 0.089972 0.003988 0.905663 0.000377
 0.000377 0.009229 0.018188 0.972206
 0.959528 0.003988 0.036107 0.000377
 0.830376 0.009229 0.133139 0.027256
 0.009336 0.018188 0.009229 0.963247
 0.000377 0.905663 0.048785 0.045175

MOTIF 32-AATAATAATAATAAH STREME-32
letter-probability matrix: alength= 4 w= 15 nsites= 919 P= 3.4e-005
 0.696027 0.008317 0.203811 0.091845
 0.833921 0.012357 0.101678 0.052044
 0.000050 0.000036 0.000036 0.999879
 0.833744 0.024880 0.030594 0.110783
 0.882847 0.005951 0.080594 0.030608
 0.057876 0.096846 0.000036 0.845243
 0.859397 0.002402 0.056722 0.081480
 0.916976 0.023005 0.054746 0.005273
 0.007639 0.216862 0.001219 0.774280
 0.887790 0.001219 0.056130 0.054861
 0.592601 0.060863 0.251324 0.095212
 0.128968 0.113006 0.004076 0.753950
 0.839657 0.025471 0.035326 0.099546
 0.705615 0.120156 0.051889 0.122340
 0.292129 0.242262 0.023596 0.442013

MOTIF 33-AAAAATTAGCCR STREME-33
letter-probability matrix: alength= 4 w= 12 nsites= 148 P= 3.8e-005
 0.961706 0.032990 0.004846 0.000458
 0.988000 0.011215 0.000327 0.000458
 0.998887 0.000327 0.000327 0.000458
 0.998887 0.000327 0.000327 0.000458
 0.983481 0.000327 0.011215 0.004977
 0.011346 0.000327 0.000327 0.988000
 0.000458 0.002425 0.004846 0.992271
 0.983481 0.000327 0.004846 0.011346
 0.011346 0.000327 0.987869 0.000458
 0.000458 0.987869 0.000327 0.011346
 0.011346 0.718149 0.011215 0.259291
 0.370763 0.038179 0.589409 0.001649

MOTIF 34-AAATAAATA STREME-34
letter-probability matrix: alength= 4 w= 9 nsites= 2716 P= 4.3e-005
 0.924877 0.031556 0.018967 0.024600
 0.928149 0.002018 0.047343 0.022490
 0.947336 0.003108 0.032952 0.016603
 0.000323 0.028662 0.064063 0.906952
 0.955986 0.026985 0.011345 0.005684
 0.842965 0.081925 0.020003 0.055107
 0.893112 0.070800 0.012798 0.023290
 0.000323 0.112370 0.008837 0.878470
 0.916307 0.011444 0.050535 0.021714

MOTIF 35-GGGGTTTCA STREME-35
letter-probability matrix: alength= 4 w= 9 nsites= 429 P= 5.4e-005
 0.026518 0.018936 0.928027 0.026518
 0.026518 0.018936 0.928027 0.026518
 0.026518 0.018936 0.928027 0.026518
 0.026518 0.018936 0.928027 0.026518
 0.026518 0.018936 0.018936 0.935609
 0.026518 0.018936 0.018936 0.935609
 0.026518 0.018936 0.018936 0.935609
 0.026518 0.928027 0.018936 0.026518
 0.935609 0.018936 0.018936 0.026518

MOTIF 36-ARTGCAGTGG STREME-36
letter-probability matrix: alength= 4 w= 10 nsites= 501 P= 5.6e-005
 0.999101 0.000264 0.000264 0.000370
 0.388209 0.000264 0.611156 0.000370
 0.000370 0.000264 0.000264 0.999101
 0.000370 0.000264 0.826677 0.172689
 0.000370 0.998995 0.000264 0.000370
 0.999101 0.000264 0.000264 0.000370
 0.000370 0.000264 0.998995 0.000370
 0.000370 0.057004 0.000264 0.942362
 0.105168 0.044302 0.811953 0.038578
 0.186519 0.000264 0.812846 0.000370

MOTIF 37-CAGCCACTGTGGAAA STREME-37
letter-probability matrix: alength= 4 w= 15 nsites= 143 P= 5.9e-005
 0.024648 0.887007 0.019701 0.068644
 0.894814 0.019701 0.044143 0.041342
 0.210418 0.024589 0.730568 0.034425
 0.039313 0.891896 0.005035 0.063755
 0.029536 0.877231 0.009924 0.083309
 0.896842 0.034366 0.014812 0.053979
 0.026677 0.796978 0.014812 0.161533
 0.024648 0.029478 0.049031 0.896843
 0.122417 0.049032 0.681691 0.146860
 0.024648 0.029478 0.024589 0.921285
 0.078421 0.014812 0.882119 0.024648
 0.073533 0.034366 0.847899 0.044202
 0.867513 0.039254 0.024589 0.068644
 0.901732 0.009924 0.039254 0.049090
 0.813731 0.014812 0.151697 0.019759

MOTIF 38-AAAGGGAACNCTTATACACT STREME-38
letter-probability matrix: alength= 4 w= 20 nsites= 105 P= 6.0e-005
 0.935864 0.000316 0.063378 0.000442
 0.956885 0.000316 0.031847 0.010953
 0.694126 0.105419 0.052868 0.147587
 0.231670 0.021337 0.599406 0.147587
 0.116056 0.021337 0.862165 0.000442
 0.000442 0.000316 0.998800 0.000442
 0.977905 0.000316 0.021337 0.000442
 0.946374 0.000316 0.052868 0.000442
 0.031973 0.620427 0.042357 0.305242
 0.273712 0.189502 0.284095 0.252690
 0.000442 0.893696 0.010826 0.095035
 0.010953 0.021337 0.010826 0.956885
 0.000442 0.000316 0.021337 0.977905
 0.578512 0.042357 0.252564 0.126566
 0.021463 0.157971 0.000316 0.820250
 0.851781 0.010826 0.136950 0.000442
 0.021463 0.799103 0.000316 0.179119
 0.883312 0.031847 0.084399 0.000442
 0.052994 0.799103 0.021337 0.126566
 0.021463 0.000316 0.031847 0.946374

MOTIF 39-GGTATATACCCAAA STREME-39
letter-probability matrix: alength= 4 w= 14 nsites= 117 P= 1.2e-004
 0.049704 0.008473 0.941477 0.000346
 0.033251 0.011888 0.921610 0.033251
 0.000346 0.016700 0.016700 0.966255
 0.949802 0.008473 0.016700 0.025025
 0.000346 0.016700 0.008473 0.974481
 0.801729 0.057831 0.049605 0.090835
 0.000346 0.057832 0.008473 0.933349
 0.958028 0.016700 0.024926 0.000346
 0.057930 0.768722 0.008473 0.164875
 0.041477 0.883893 0.016700 0.057930
 0.025025 0.929837 0.008473 0.036665
 0.933350 0.008473 0.008473 0.049703
 0.883989 0.016700 0.090739 0.008572
 0.744144 0.033152 0.148320 0.074385

MOTIF 40-ATCTCATCTTGAATTGTAA STREME-40
letter-probability matrix: alength= 4 w= 19 nsites= 112 P= 1.2e-004
 0.947480 0.000309 0.041484 0.010727
 0.000433 0.010603 0.010603 0.978361
 0.021021 0.947356 0.020897 0.010727
 0.010727 0.010603 0.000309 0.978361
 0.010727 0.947356 0.000309 0.041608
 0.998948 0.000309 0.000309 0.000433
 0.021021 0.144424 0.010603 0.823952
 0.031314 0.720890 0.226775 0.021021
 0.000433 0.010603 0.020897 0.968067
 0.041608 0.082660 0.000309 0.875423
 0.103371 0.031190 0.854712 0.010727
 0.968067 0.010603 0.000309 0.021021
 0.978361 0.010603 0.010603 0.000433
 0.082783 0.062072 0.010603 0.844542
 0.000433 0.010603 0.010603 0.978361
 0.041608 0.031191 0.895887 0.031314
 0.010727 0.082659 0.010603 0.896011
 0.875423 0.031191 0.072365 0.021021
 0.618072 0.031190 0.288542 0.062195

MOTIF 41-AAATTACCCAGTCTYRGGTA STREME-41
letter-probability matrix: alength= 4 w= 20 nsites= 100 P= 1.2e-004
 0.965587 0.000333 0.033613 0.000467
 0.976680 0.011427 0.000333 0.011560
 0.910121 0.000333 0.077985 0.011560
 0.011560 0.000333 0.044706 0.943400
 0.000467 0.066892 0.000333 0.932307
 0.910121 0.000333 0.077986 0.011560
 0.000467 0.932174 0.011427 0.055933
 0.000467 0.932174 0.000333 0.067026
 0.022653 0.932174 0.000333 0.044839
 0.943401 0.000333 0.022520 0.033746
 0.033746 0.011427 0.954360 0.000467
 0.022653 0.111265 0.033613 0.832469
 0.011560 0.876708 0.000333 0.111398
 0.033746 0.000333 0.000333 0.965587
 0.044839 0.532812 0.066892 0.355456
 0.477478 0.033613 0.455163 0.033746
 0.111399 0.000333 0.865615 0.022653
 0.078119 0.000333 0.865615 0.055933
 0.000467 0.077986 0.011427 0.910121
 0.943401 0.011427 0.044706 0.000467

MOTIF 42-YAGAATGGCTATWATYAAAAA STREME-42
letter-probability matrix: alength= 4 w= 21 nsites= 115 P= 1.2e-004
 0.069624 0.474868 0.010184 0.445324
 0.969329 0.020071 0.000297 0.010303
 0.089398 0.000297 0.880229 0.030077
 0.751819 0.000297 0.247468 0.000416
 0.949555 0.029958 0.020071 0.000416
 0.000416 0.020071 0.010184 0.969329
 0.000416 0.000297 0.998871 0.000416
 0.148719 0.000297 0.840681 0.010303
 0.030077 0.801134 0.069505 0.099285
 0.030077 0.138713 0.039845 0.791366
 0.870461 0.000297 0.109052 0.020190
 0.128945 0.138713 0.099166 0.633176
 0.326682 0.039845 0.089279 0.544195
 0.890234 0.010184 0.039845 0.059737
 0.030077 0.287018 0.000297 0.682609
 0.168492 0.277129 0.069505 0.484874
 0.919895 0.029958 0.049731 0.000416
 0.949555 0.020071 0.029958 0.000416
 0.900121 0.049731 0.039845 0.010303
 0.910008 0.010184 0.059618 0.020190
 0.702384 0.039845 0.198034 0.059737

MOTIF 43-CAAGACTC STREME-43
letter-probability matrix: alength= 4 w= 8 nsites= 698 P= 1.2e-004
 0.026518 0.928027 0.018936 0.026518
 0.935609 0.018936 0.018936 0.026518
 0.935609 0.018936 0.018936 0.026518
 0.026518 0.018936 0.928027 0.026518
 0.935609 0.018936 0.018936 0.026518
 0.026518 0.928027 0.018936 0.026518
 0.026518 0.018936 0.018936 0.935609
 0.026518 0.928027 0.018936 0.026518

MOTIF 44-GAGAAAATATTTGCAAACYAT STREME-44
letter-probability matrix: alength= 4 w= 21 nsites= 161 P= 2.4e-004
 0.107560 0.000201 0.858432 0.033806
 0.945676 0.000201 0.053840 0.000282
 0.120969 0.000201 0.865137 0.013692
 0.959086 0.000201 0.040431 0.000282
 0.932266 0.047135 0.013611 0.006987
 0.912152 0.020316 0.053840 0.013692
 0.959085 0.000201 0.020316 0.020397
 0.047216 0.033726 0.013611 0.905447
 0.731121 0.047135 0.087364 0.134380
 0.000282 0.033726 0.006906 0.959086
 0.000282 0.080660 0.033726 0.885333
 0.013692 0.134300 0.000201 0.851807
 0.201429 0.000201 0.764563 0.033806
 0.000282 0.912071 0.020316 0.067331
 0.959086 0.013611 0.013611 0.013692
 0.932266 0.000201 0.053840 0.013692
 0.717711 0.073955 0.060545 0.147789
 0.134379 0.590239 0.033726 0.241657
 0.020397 0.342149 0.000201 0.637253
 0.905447 0.033726 0.040431 0.020397
 0.000282 0.194642 0.006906 0.798169

MOTIF 45-CTAATATCCAGAATMTATAAR STREME-45
letter-probability matrix: alength= 4 w= 21 nsites= 198 P= 2.6e-004
 0.038875 0.739908 0.027768 0.193448
 0.000232 0.027768 0.000166 0.971834
 0.635086 0.066411 0.060891 0.237612
 0.717893 0.000166 0.248586 0.033355
 0.000232 0.060891 0.000166 0.938711
 0.966313 0.000166 0.033289 0.000232
 0.027835 0.082973 0.000166 0.889027
 0.005753 0.866879 0.022248 0.105121
 0.033355 0.795113 0.022248 0.149284
 0.949752 0.005686 0.027768 0.016794
 0.127203 0.000166 0.844797 0.027835
 0.850384 0.082973 0.044329 0.022314
 0.905588 0.022248 0.049850 0.022314
 0.022314 0.055370 0.005686 0.916629
 0.519155 0.381079 0.055370 0.044396
 0.005753 0.088493 0.027768 0.877986
 0.844863 0.005686 0.099534 0.049916
 0.016794 0.237546 0.022248 0.723412
 0.850384 0.000166 0.077452 0.071998
 0.922150 0.011207 0.049850 0.016794
 0.414266 0.011207 0.497008 0.077519

MOTIF 46-ATTATGCTAAGTGAAAT STREME-46
letter-probability matrix: alength= 4 w= 17 nsites= 175 P= 4.8e-004
 0.963492 0.018128 0.018128 0.000252
 0.036148 0.071973 0.018128 0.873751
 0.012217 0.065990 0.042059 0.879733
 0.897682 0.054025 0.036076 0.012217
 0.042131 0.065990 0.024111 0.867768
 0.084010 0.024111 0.855730 0.036148
 0.000252 0.813850 0.006163 0.179735
 0.012217 0.077956 0.006163 0.903665
 0.879733 0.012145 0.089921 0.018200
 0.915630 0.042059 0.012145 0.030166
 0.161787 0.006163 0.819833 0.012217
 0.000252 0.036076 0.012145 0.951527
 0.155804 0.018128 0.783937 0.042131
 0.957509 0.024111 0.000180 0.018200
 0.963492 0.018128 0.006163 0.012217
 0.891699 0.036076 0.036076 0.036148
 0.018200 0.036076 0.245477 0.700247

MOTIF 47-AGTGTCTGTTCATRTCYTTTG STREME-47
letter-probability matrix: alength= 4 w= 21 nsites= 127 P= 4.9e-004
 0.973518 0.000257 0.025866 0.000359
 0.273525 0.119766 0.555131 0.051578
 0.008896 0.034402 0.000257 0.956446
 0.307671 0.008793 0.683177 0.000359
 0.000359 0.077084 0.000257 0.922300
 0.017432 0.939270 0.000257 0.043041
 0.000359 0.008793 0.000257 0.990591
 0.264988 0.060011 0.597813 0.077187
 0.017432 0.051475 0.008793 0.922300
 0.008896 0.000257 0.017329 0.973518
 0.025969 0.862442 0.008793 0.102796
 0.930836 0.042939 0.025866 0.000359
 0.264988 0.042939 0.102694 0.589380
 0.401571 0.000257 0.597813 0.000359
 0.000359 0.068548 0.017329 0.913764
 0.060114 0.802687 0.042939 0.094260
 0.017432 0.597813 0.000257 0.384498
 0.000359 0.051475 0.042939 0.905227
 0.000359 0.042939 0.017329 0.939373
 0.017432 0.034402 0.025866 0.922300
 0.043041 0.034402 0.870979 0.051578

MOTIF 48-GAGTAGCTGGGA STREME-48
letter-probability matrix: alength= 4 w= 12 nsites= 106 P= 4.9e-004
 0.106336 0.041988 0.838099 0.013577
 0.985640 0.013420 0.000392 0.000548
 0.000548 0.013420 0.946398 0.039634
 0.000548 0.000392 0.000392 0.998669
 0.985640 0.013420 0.000392 0.000548
 0.000548 0.000392 0.972455 0.026605
 0.000548 0.959427 0.026448 0.013577
 0.026605 0.005799 0.000392 0.967205
 0.026605 0.000392 0.972455 0.000548
 0.000548 0.000392 0.998512 0.000548
 0.039634 0.039477 0.878744 0.042145
 0.920495 0.000392 0.078565 0.000548

MOTIF 49-ATTTGGGG STREME-49
letter-probability matrix: alength= 4 w= 8 nsites= 563 P= 6.3e-004
 0.935609 0.018936 0.018936 0.026518
 0.026518 0.018936 0.018936 0.935609
 0.026518 0.018936 0.018936 0.935609
 0.026518 0.018936 0.018936 0.935609
 0.026518 0.018936 0.928027 0.026518
 0.026518 0.018936 0.928027 0.026518
 0.026518 0.018936 0.928027 0.026518
 0.026518 0.018936 0.928027 0.026518

MOTIF 50-TATWWATA STREME-50
letter-probability matrix: alength= 4 w= 8 nsites= 5081 P= 1.0e-003
 0.000717 0.000512 0.000512 0.998258
 0.998258 0.000512 0.000512 0.000717
 0.318420 0.014301 0.000512 0.666767
 0.362488 0.000512 0.000512 0.636488
 0.636488 0.000512 0.000512 0.362488
 0.666767 0.000512 0.014301 0.318420
 0.000717 0.000512 0.000512 0.998258
 0.998258 0.000512 0.000512 0.000717

MOTIF 51-TGACCTCA STREME-51
letter-probability matrix: alength= 4 w= 8 nsites= 1191 P= 1.2e-003
 0.000756 0.002066 0.000540 0.996639
 0.000756 0.000540 0.997949 0.000756
 0.998165 0.000540 0.000540 0.000756
 0.000756 0.997949 0.000540 0.000756
 0.227370 0.690750 0.081125 0.000756
 0.000756 0.000540 0.021606 0.977099
 0.115653 0.828239 0.000540 0.055569
 0.919095 0.000540 0.079610 0.000756

MOTIF 52-AGCTCACTGCAGC STREME-52
letter-probability matrix: alength= 4 w= 13 nsites= 196 P= 1.2e-003
 0.662137 0.006452 0.234775 0.096635
 0.000847 0.000188 0.998701 0.000264
 0.062902 0.705805 0.056563 0.174730
 0.094221 0.037771 0.034107 0.833900
 0.069165 0.858095 0.066212 0.006527
 0.870195 0.061515 0.031507 0.036782
 0.009127 0.952838 0.025244 0.012791
 0.000264 0.000188 0.012716 0.986832
 0.078029 0.047421 0.861759 0.012791
 0.000264 0.858880 0.000188 0.140668
 0.884011 0.006452 0.000188 0.109348
 0.141454 0.000188 0.836703 0.021655
 0.000264 0.930382 0.000188 0.069166

MOTIF 53-CCAAGGTCA STREME-53
letter-probability matrix: alength= 4 w= 9 nsites= 1576 P= 1.9e-003
 0.026323 0.764498 0.006544 0.202635
 0.038285 0.937018 0.012700 0.011997
 0.957614 0.013565 0.017577 0.011244
 0.950497 0.017943 0.028019 0.003541
 0.120860 0.024580 0.853858 0.000702
 0.094469 0.000159 0.895949 0.009424
 0.009237 0.032854 0.045865 0.912044
 0.003764 0.965436 0.000722 0.030079
 0.946990 0.003701 0.045296 0.004013

MOTIF 54-AAAGAAGAYATACAARTGGC STREME-54
letter-probability matrix: alength= 4 w= 20 nsites= 167 P= 2.1e-003
 0.916042 0.000208 0.083458 0.000292
 0.950729 0.000208 0.027958 0.021104
 0.922979 0.007146 0.069583 0.000292
 0.041917 0.000208 0.874333 0.083541
 0.964604 0.014083 0.021021 0.000292
 0.929917 0.021021 0.014083 0.034979
 0.021104 0.007146 0.957583 0.014167
 0.950729 0.014083 0.027958 0.007229
 0.021104 0.603771 0.000208 0.374917
 0.916042 0.021021 0.048771 0.014167
 0.041917 0.055708 0.041833 0.860542
 0.853604 0.007146 0.076521 0.062729
 0.069666 0.749459 0.014083 0.166791
 0.916042 0.027958 0.041833 0.014167
 0.652418 0.062646 0.097333 0.187604
 0.506729 0.027958 0.451145 0.014167
 0.083541 0.173646 0.000208 0.742604
 0.215354 0.014083 0.763334 0.007229
 0.104354 0.000208 0.881271 0.014167
 0.041917 0.915958 0.014083 0.028042

MOTIF 55-AGCATGTRTCAGWAY STREME-55
letter-probability matrix: alength= 4 w= 15 nsites= 124 P= 2.1e-003
 0.956163 0.000258 0.026034 0.017545
 0.034729 0.026034 0.926718 0.012519
 0.060504 0.887325 0.000258 0.051912
 0.973347 0.000258 0.017442 0.008953
 0.000362 0.017442 0.197870 0.784326
 0.103463 0.000258 0.887325 0.008953
 0.008953 0.232237 0.043217 0.715592
 0.514412 0.077585 0.407642 0.000362
 0.060504 0.051809 0.000258 0.887428
 0.012519 0.978269 0.008850 0.000362
 0.947571 0.000258 0.017442 0.034729
 0.137831 0.008850 0.806433 0.046887
 0.535163 0.111952 0.060401 0.292484
 0.878836 0.008850 0.103360 0.008953
 0.000362 0.459191 0.017442 0.523006

MOTIF 56-AACYGAAAC STREME-56
letter-probability matrix: alength= 4 w= 9 nsites= 209 P= 2.9e-003
 0.884459 0.000895 0.000895 0.113751
 0.996956 0.000895 0.000895 0.001254
 0.001254 0.996597 0.000895 0.001254
 0.001254 0.464045 0.000895 0.533806
 0.001254 0.000895 0.996597 0.001254
 0.958834 0.000895 0.000895 0.039375
 0.975909 0.000895 0.000895 0.022301
 0.926387 0.030685 0.000895 0.042032
 0.001254 0.996597 0.000895 0.001254

MOTIF 57-GCCTCAGCCTCC STREME-57
letter-probability matrix: alength= 4 w= 12 nsites= 170 P= 3.2e-003
 0.091584 0.000262 0.874911 0.033244
 0.000366 0.938633 0.000262 0.060739
 0.000366 0.999006 0.000262 0.000366
 0.117703 0.000262 0.000262 0.881774
 0.000366 0.914741 0.000262 0.084631
 0.704655 0.000262 0.267360 0.027723
 0.064925 0.043794 0.890915 0.000366
 0.000366 0.999006 0.000262 0.000366
 0.000366 0.911936 0.000262 0.087436
 0.000366 0.038701 0.000262 0.960671
 0.035192 0.897944 0.029994 0.036870
 0.000366 0.956951 0.000262 0.042421

MOTIF 58-TGGAATCATACA STREME-58
letter-probability matrix: alength= 4 w= 12 nsites= 96 P= 3.2e-003
 0.013472 0.000388 0.013316 0.972824
 0.078113 0.000388 0.919751 0.001748
 0.049362 0.000388 0.929789 0.020460
 0.959896 0.000388 0.039172 0.000544
 0.985751 0.013316 0.000388 0.000544
 0.022238 0.000388 0.002879 0.974495
 0.007532 0.911139 0.007377 0.073953
 0.959896 0.013316 0.013316 0.013472
 0.013472 0.103816 0.020305 0.862408
 0.905014 0.026244 0.062833 0.005909
 0.006007 0.941348 0.000388 0.052257
 0.959896 0.026244 0.000388 0.013472

MOTIF 59-AAGGAAAC STREME-59
letter-probability matrix: alength= 4 w= 8 nsites= 9932 P= 3.2e-003
 0.836870 0.033162 0.073371 0.056597
 0.832834 0.005322 0.120447 0.041397
 0.043661 0.116860 0.777288 0.062191
 0.088165 0.000172 0.911422 0.000241
 0.999414 0.000172 0.000172 0.000241
 0.967065 0.000172 0.000172 0.032590
 0.999414 0.000172 0.000172 0.000241
 0.069500 0.772791 0.056675 0.101035

MOTIF 60-AGAAACAGA STREME-60
letter-probability matrix: alength= 4 w= 9 nsites= 4599 P= 3.6e-003
 0.824665 0.096727 0.078448 0.000161
 0.000161 0.004020 0.995658 0.000161
 0.841550 0.068593 0.020382 0.069476
 0.711582 0.083514 0.192709 0.012195
 0.760832 0.031388 0.203005 0.004775
 0.000161 0.969783 0.000115 0.029942
 0.534454 0.236493 0.000115 0.228938
 0.083430 0.000115 0.916295 0.000161
 0.860807 0.107512 0.019238 0.012443

MOTIF 61-ATCACGAGGTC STREME-61
letter-probability matrix: alength= 4 w= 11 nsites= 209 P= 3.6e-003
 0.991835 0.001920 0.000175 0.006070
 0.006070 0.006000 0.000175 0.987754
 0.000245 0.991092 0.006000 0.002663
 0.993580 0.000175 0.000175 0.006070
 0.000245 0.819912 0.000175 0.179668
 0.126463 0.000175 0.867291 0.006070
 0.993580 0.006000 0.000175 0.000245
 0.011896 0.000175 0.987684 0.000245
 0.017721 0.000175 0.981859 0.000245
 0.000245 0.000175 0.002593 0.996987
 0.014314 0.971198 0.000175 0.014314

MOTIF 62-AACTGTGAGTCAATTAAACCT STREME-62
letter-probability matrix: alength= 4 w= 21 nsites= 94 P= 3.9e-003
 0.975017 0.000357 0.024125 0.000500
 0.975017 0.000357 0.024125 0.000500
 0.024268 0.915454 0.012241 0.048037
 0.024268 0.154851 0.000357 0.820523
 0.119342 0.000357 0.867917 0.012384
 0.000500 0.047894 0.000357 0.951249
 0.131226 0.024125 0.832264 0.012384
 0.975017 0.000357 0.012241 0.012384
 0.048037 0.012241 0.939222 0.000500
 0.024268 0.273693 0.012241 0.689797
 0.000500 0.939222 0.000357 0.059921
 0.737333 0.238042 0.000357 0.024268
 0.951249 0.000357 0.036010 0.012384
 0.202531 0.012241 0.024125 0.761102
 0.000500 0.036010 0.012241 0.951249
 0.903712 0.024125 0.047894 0.024269
 0.986901 0.000357 0.012241 0.000500
 0.927481 0.000357 0.071662 0.000500
 0.048037 0.867917 0.000357 0.083689
 0.012384 0.856033 0.024125 0.107457
 0.036153 0.024125 0.012241 0.927481

MOTIF 63-AAAATGTGGTACATAYAYAC STREME-63
letter-probability matrix: alength= 4 w= 20 nsites= 84 P= 3.9e-003
 0.958160 0.040867 0.000405 0.000568
 0.998622 0.000405 0.000405 0.000568
 0.958160 0.027380 0.000405 0.014055
 0.782827 0.081328 0.040867 0.094978
 0.027542 0.000405 0.013892 0.958160
 0.175901 0.000405 0.823127 0.000568
 0.000568 0.000405 0.027380 0.971647
 0.000568 0.000405 0.998460 0.000568
 0.121952 0.040867 0.823126 0.014055
 0.014055 0.229687 0.027380 0.728878
 0.836776 0.054354 0.094815 0.014055
 0.000568 0.688255 0.000405 0.310772
 0.890725 0.067841 0.040867 0.000568
 0.041029 0.013892 0.148765 0.796314
 0.620981 0.243174 0.040867 0.094978
 0.014055 0.405020 0.081328 0.499597
 0.931186 0.013892 0.054354 0.000568
 0.000568 0.553383 0.000405 0.445644
 0.877237 0.000405 0.027380 0.094978
 0.014055 0.823127 0.040867 0.121952

MOTIF 64-ACATGGCTGGGGAGGCCTC STREME-64
letter-probability matrix: alength= 4 w= 19 nsites= 81 P= 3.9e-003
 0.703394 0.028534 0.239369 0.028703
 0.014647 0.871893 0.014478 0.098982
 0.829895 0.000422 0.169091 0.000592
 0.000592 0.014478 0.000422 0.984508
 0.000592 0.000422 0.970283 0.028703
 0.056814 0.000422 0.942172 0.000592
 0.000592 0.956228 0.000422 0.042758
 0.000592 0.028534 0.014478 0.956397
 0.056814 0.000422 0.928116 0.014647
 0.042758 0.014478 0.928117 0.014647
 0.084925 0.000422 0.885950 0.028703
 0.042759 0.014478 0.942172 0.000592
 0.984508 0.000422 0.000422 0.014647
 0.084926 0.000422 0.885949 0.028703
 0.042758 0.014478 0.900006 0.042758
 0.014647 0.900006 0.014478 0.070869
 0.014647 0.970283 0.000422 0.014647
 0.000592 0.042589 0.014478 0.942341
 0.000592 0.942172 0.014478 0.042758

MOTIF 65-ACAGAGYGAGACYCY STREME-65
letter-probability matrix: alength= 4 w= 15 nsites= 77 P= 3.9e-003
 0.998487 0.000445 0.000445 0.000623
 0.000623 0.909500 0.000445 0.089432
 0.998487 0.000445 0.000445 0.000623
 0.030226 0.154604 0.548117 0.267053
 0.894877 0.000445 0.104056 0.000623
 0.000623 0.000445 0.998309 0.000623
 0.104235 0.347024 0.000445 0.548296
 0.184385 0.000445 0.814547 0.000623
 0.998487 0.000445 0.000445 0.000623
 0.000623 0.000445 0.998309 0.000623
 0.968884 0.030048 0.000445 0.000623
 0.000623 0.998309 0.000445 0.000623
 0.030226 0.539448 0.000445 0.429881
 0.000623 0.879897 0.000445 0.119035
 0.045028 0.503712 0.000445 0.450816

MOTIF 66-AAACAAACAAACAAA STREME-66
letter-probability matrix: alength= 4 w= 15 nsites= 115 P= 3.9e-003
 0.892861 0.056095 0.000280 0.050765
 0.874256 0.022745 0.093305 0.009694
 0.604481 0.242147 0.084002 0.069370
 0.000391 0.998937 0.000280 0.000391
 0.961839 0.000280 0.000280 0.037602
 0.924629 0.009582 0.009582 0.056207
 0.831602 0.158424 0.009582 0.000391
 0.000391 0.998937 0.000280 0.000391
 0.924629 0.046792 0.000280 0.028299
 0.920768 0.009582 0.000280 0.069370
 0.682762 0.102609 0.214238 0.000391
 0.155677 0.843651 0.000280 0.000391
 0.859511 0.139818 0.000280 0.000391
 0.809138 0.074700 0.115771 0.000391
 0.739368 0.084003 0.073909 0.102720

MOTIF 67-AATCCCAGCACTTT STREME-67
letter-probability matrix: alength= 4 w= 14 nsites= 48 P= 3.9e-003
 0.916486 0.027730 0.000809 0.054975
 0.916486 0.000809 0.054652 0.028054
 0.001133 0.081574 0.000809 0.916485
 0.001133 0.970004 0.000809 0.028054
 0.001133 0.943083 0.000809 0.054975
 0.001133 0.970004 0.000809 0.028054
 0.997249 0.000809 0.000809 0.001133
 0.054975 0.000809 0.943083 0.001133
 0.028054 0.916162 0.000809 0.054975
 0.997249 0.000809 0.000809 0.001133
 0.001133 0.970004 0.027730 0.001133
 0.054975 0.000809 0.000809 0.943407
 0.001133 0.054652 0.054652 0.889564
 0.001133 0.000809 0.000809 0.997249

MOTIF 68-ACCATCACCACC STREME-68
letter-probability matrix: alength= 4 w= 12 nsites= 240 P= 4.0e-003
 0.820179 0.009143 0.124897 0.045781
 0.047059 0.820185 0.088454 0.044302
 0.016450 0.940732 0.000152 0.042666
 0.998513 0.000152 0.000152 0.001184
 0.001184 0.213050 0.000152 0.785614
 0.007780 0.943386 0.000152 0.048683
 0.929243 0.027940 0.042605 0.000212
 0.010302 0.900067 0.002245 0.087386
 0.042665 0.931162 0.000152 0.026021
 0.927502 0.025376 0.000152 0.046970
 0.002306 0.865745 0.027470 0.104479
 0.190641 0.631910 0.035466 0.141983

MOTIF 69-AGAAAGCAA STREME-69
letter-probability matrix: alength= 4 w= 9 nsites= 1560 P= 4.3e-003
 0.973820 0.025273 0.000378 0.000529
 0.000529 0.078871 0.920070 0.000529
 0.871458 0.059260 0.000378 0.068903
 0.998714 0.000378 0.000378 0.000529
 0.909120 0.000511 0.089840 0.000529
 0.000529 0.000378 0.998563 0.000529
 0.291697 0.707395 0.000378 0.000529
 0.958241 0.000378 0.040852 0.000529
 0.890419 0.000378 0.108673 0.000529

MOTIF 70-GATGATGATA STREME-70
letter-probability matrix: alength= 4 w= 10 nsites= 1802 P= 5.7e-003
 0.004304 0.010860 0.960655 0.024181
 0.888308 0.010467 0.088864 0.012361
 0.007592 0.096713 0.005528 0.890167
 0.149955 0.026500 0.817025 0.006520
 0.833514 0.075312 0.044925 0.046249
 0.038771 0.104673 0.043586 0.812970
 0.089947 0.039175 0.831936 0.038942
 0.750939 0.111841 0.056232 0.080988
 0.053503 0.209813 0.011616 0.725068
 0.610401 0.028523 0.278443 0.082633

MOTIF 71-TGAGATACCAYYTCACACC STREME-71
letter-probability matrix: alength= 4 w= 19 nsites= 132 P= 5.8e-003
 0.016318 0.016222 0.016222 0.951239
 0.072253 0.000240 0.919180 0.008327
 0.975211 0.016222 0.008231 0.000336
 0.088234 0.016222 0.887218 0.008327
 0.935258 0.032203 0.024212 0.008327
 0.016318 0.040194 0.000240 0.943249
 0.895304 0.000240 0.088138 0.016318
 0.024308 0.719413 0.040194 0.216085
 0.032299 0.831283 0.008231 0.128188
 0.951239 0.000240 0.008231 0.040290
 0.048280 0.511645 0.016222 0.423853
 0.000336 0.479691 0.000240 0.519733
 0.136178 0.024212 0.008231 0.831379
 0.000336 0.839273 0.000240 0.160150
 0.967221 0.000240 0.032203 0.000336
 0.008327 0.719412 0.016222 0.256039
 0.839369 0.024212 0.088138 0.048280
 0.032299 0.807310 0.040194 0.120197
 0.048280 0.871236 0.008231 0.072253

MOTIF 72-AATGGACTAATAC STREME-72
letter-probability matrix: alength= 4 w= 13 nsites= 95 P= 5.8e-003
 0.998690 0.000385 0.000385 0.000539
 0.998690 0.000385 0.000385 0.000539
 0.000539 0.308014 0.013203 0.678244
 0.244080 0.000385 0.754996 0.000539
 0.131185 0.000385 0.867891 0.000539
 0.947420 0.013203 0.000385 0.038992
 0.026174 0.960084 0.013203 0.000539
 0.000539 0.000385 0.064472 0.934603
 0.947420 0.000385 0.051655 0.000539
 0.998690 0.000385 0.000385 0.000539
 0.000539 0.013203 0.282374 0.703884
 0.985873 0.013203 0.000385 0.000539
 0.000539 0.887305 0.026020 0.086135

MOTIF 73-GATGACTAA STREME-73
letter-probability matrix: alength= 4 w= 9 nsites= 132 P= 6.3e-003
 0.001370 0.000978 0.996282 0.001370
 0.996674 0.000978 0.000978 0.001370
 0.001370 0.000978 0.000978 0.996674
 0.001370 0.000978 0.996282 0.001370
 0.996674 0.000978 0.000978 0.001370
 0.001370 0.996282 0.000978 0.001370
 0.001370 0.000978 0.018572 0.979080
 0.996674 0.000978 0.000978 0.001370
 0.588145 0.247809 0.162677 0.001370

MOTIF 74-GTGGGAGGTRATTGRATCA STREME-74
letter-probability matrix: alength= 4 w= 19 nsites= 106 P= 6.4e-003
 0.065571 0.022031 0.868533 0.043866
 0.065571 0.032883 0.141407 0.760140
 0.098127 0.000326 0.727452 0.174094
 0.011309 0.000326 0.977056 0.011309
 0.065571 0.000326 0.901090 0.033014
 0.977186 0.000326 0.000326 0.022161
 0.011309 0.011178 0.977056 0.000457
 0.217503 0.000326 0.781714 0.000457
 0.000457 0.011178 0.022031 0.966334
 0.521376 0.011178 0.466989 0.000457
 0.846959 0.000326 0.000326 0.152389
 0.000457 0.260782 0.000326 0.738435
 0.033014 0.000326 0.022031 0.944630
 0.098127 0.000326 0.890237 0.011309
 0.543080 0.000326 0.423580 0.033014
 0.857811 0.011178 0.130554 0.000457
 0.011309 0.000326 0.000326 0.988039
 0.000457 0.922794 0.000326 0.076423
 0.933777 0.000326 0.065440 0.000457

MOTIF 75-CCCCGCCC STREME-75
letter-probability matrix: alength= 4 w= 8 nsites= 1553 P= 7.4e-003
 0.000458 0.952274 0.000327 0.046940
 0.000458 0.989766 0.009317 0.000458
 0.000458 0.913500 0.010872 0.075170
 0.166611 0.600751 0.056912 0.175725
 0.265750 0.000327 0.733464 0.000458
 0.000458 0.998756 0.000327 0.000458
 0.000458 0.998756 0.000327 0.000458
 0.000458 0.955796 0.043287 0.000458

MOTIF 76-AGATCTGATGGTTTTA STREME-76
letter-probability matrix: alength= 4 w= 16 nsites= 90 P= 7.8e-003
 0.975431 0.000351 0.012038 0.012179
 0.000492 0.012038 0.986978 0.000492
 0.987119 0.000351 0.000351 0.012179
 0.012179 0.047100 0.117224 0.823497
 0.023866 0.905167 0.023726 0.047241
 0.082303 0.000351 0.000351 0.916995
 0.035553 0.023726 0.928542 0.012179
 0.788434 0.000351 0.152287 0.058928
 0.000492 0.012038 0.000351 0.987119
 0.052091 0.012038 0.783442 0.152428
 0.058928 0.000351 0.940229 0.000492
 0.000492 0.023726 0.023726 0.952057
 0.012179 0.012038 0.000351 0.975431
 0.000492 0.012038 0.047100 0.940370
 0.117366 0.117224 0.023726 0.741684
 0.893620 0.023726 0.047101 0.035553

MOTIF 77-CTGTTCTCATGATAGTGA STREME-77
letter-probability matrix: alength= 4 w= 18 nsites= 79 P= 7.8e-003
 0.000600 0.941347 0.000428 0.057624
 0.014856 0.000428 0.000428 0.984287
 0.128905 0.014684 0.855811 0.000600
 0.014856 0.028941 0.014684 0.941519
 0.000600 0.043197 0.014684 0.941519
 0.000600 0.984116 0.000428 0.014856
 0.000600 0.000428 0.000428 0.998543
 0.014856 0.727505 0.000428 0.257211
 0.642140 0.028941 0.285552 0.043368
 0.000600 0.043197 0.014684 0.941519
 0.029112 0.014684 0.927091 0.029112
 0.827466 0.014684 0.142993 0.014856
 0.029112 0.071709 0.000428 0.898751
 0.913007 0.000428 0.085965 0.000600
 0.100392 0.014684 0.855811 0.029112
 0.000600 0.028941 0.014684 0.955775
 0.000600 0.000428 0.998372 0.000600
 0.970031 0.000428 0.028941 0.000600

MOTIF 78-CAACAACAACAAAAAH STREME-78
letter-probability matrix: alength= 4 w= 16 nsites= 81 P= 7.8e-003
 0.000570 0.849448 0.149412 0.000570
 0.985070 0.013953 0.000407 0.000570
 0.849611 0.000407 0.081682 0.068299
 0.000570 0.984907 0.013953 0.000570
 0.985070 0.000407 0.000407 0.014116
 0.998616 0.000407 0.000407 0.000570
 0.271490 0.686895 0.041045 0.000570
 0.985070 0.000407 0.013953 0.000570
 0.700604 0.000407 0.284873 0.014116
 0.014116 0.984907 0.000407 0.000570
 0.863156 0.135867 0.000407 0.000570
 0.998616 0.000407 0.000407 0.000570
 0.781877 0.203600 0.000407 0.014116
 0.985070 0.000407 0.000407 0.014116
 0.727698 0.122320 0.000407 0.149575
 0.352768 0.203599 0.041045 0.402588

MOTIF 79-GGAATCAACCTAA STREME-79
letter-probability matrix: alength= 4 w= 13 nsites= 50 P= 7.8e-003
 0.000975 0.000697 0.997353 0.000975
 0.047330 0.023874 0.881467 0.047330
 0.997632 0.000697 0.000697 0.000975
 0.997632 0.000697 0.000697 0.000975
 0.140045 0.000697 0.023874 0.835385
 0.024152 0.950999 0.000697 0.024152
 0.904923 0.047051 0.047051 0.000975
 0.974454 0.000697 0.023874 0.000975
 0.000975 0.927821 0.000697 0.070507
 0.000975 0.950998 0.000697 0.047330
 0.000975 0.000697 0.000697 0.997632
 0.974454 0.000697 0.000697 0.024152
 0.719487 0.023874 0.232487 0.024152

MOTIF 80-AAGCCAGTCACA STREME-80
letter-probability matrix: alength= 4 w= 12 nsites= 68 P= 7.8e-003
 0.998011 0.000585 0.000585 0.000819
 0.959089 0.039507 0.000585 0.000819
 0.000819 0.000585 0.997777 0.000819
 0.000819 0.887268 0.000585 0.111328
 0.061970 0.819857 0.020046 0.098128
 0.939627 0.000585 0.058969 0.000819
 0.047819 0.000585 0.950777 0.000819
 0.000819 0.000585 0.000585 0.998011
 0.000819 0.900469 0.000585 0.098128
 0.998011 0.000585 0.000585 0.000819
 0.000819 0.997777 0.000585 0.000819
 0.959089 0.039507 0.000585 0.000819

MOTIF 81-ATTAATTGGCCTAATTTCAAT STREME-81
letter-probability matrix: alength= 4 w= 21 nsites= 34 P= 7.8e-003
 0.871516 0.042662 0.042662 0.043160
 0.001743 0.001245 0.001245 0.995768
 0.001743 0.001245 0.001245 0.995768
 0.954351 0.001245 0.042662 0.001743
 0.954351 0.001245 0.001245 0.043160
 0.001743 0.042662 0.042662 0.912933
 0.001743 0.001245 0.001245 0.995768
 0.001743 0.001245 0.995269 0.001743
 0.084577 0.042662 0.788183 0.084577
 0.043160 0.912435 0.001245 0.043160
 0.043160 0.871018 0.042662 0.043160
 0.001743 0.042662 0.084079 0.871516
 0.912933 0.042662 0.001245 0.043160
 0.954351 0.001245 0.042662 0.001743
 0.001743 0.042662 0.001245 0.954351
 0.001743 0.001245 0.001245 0.995768
 0.001743 0.001245 0.001245 0.995768
 0.043160 0.871018 0.042662 0.043160
 0.954351 0.001245 0.001245 0.043160
 0.788681 0.001245 0.125496 0.084578
 0.001743 0.001245 0.001245 0.995768

MOTIF 82-CACAGTTCTGGAGGCTRGRA STREME-82
letter-probability matrix: alength= 4 w= 20 nsites= 165 P= 8.4e-003
 0.029690 0.705355 0.000221 0.264735
 0.867037 0.051637 0.081017 0.000309
 0.044380 0.786152 0.000221 0.169247
 0.881727 0.007566 0.066327 0.044380
 0.125177 0.000221 0.874294 0.000309
 0.051725 0.058982 0.051637 0.837656
 0.014999 0.007566 0.000221 0.977214
 0.081106 0.778807 0.044292 0.095796
 0.014999 0.051637 0.000221 0.933143
 0.176593 0.000221 0.771462 0.051725
 0.117831 0.029601 0.822878 0.029690
 0.977214 0.014911 0.000221 0.007654
 0.161902 0.000221 0.808187 0.029690
 0.110486 0.095708 0.778807 0.014999
 0.007654 0.778807 0.051637 0.161902
 0.088451 0.257301 0.007566 0.646682
 0.485089 0.036946 0.462965 0.014999
 0.205973 0.066327 0.690665 0.037035
 0.573231 0.044292 0.345443 0.037035
 0.830311 0.007566 0.154469 0.007654

MOTIF 83-CCCAAATGTCCAT STREME-83
letter-probability matrix: alength= 4 w= 13 nsites= 74 P= 1.1e-002
 0.017424 0.900603 0.000502 0.081470
 0.050866 0.940988 0.000502 0.007643
 0.050866 0.897765 0.017223 0.034145
 0.998291 0.000502 0.000502 0.000704
 0.931408 0.050665 0.017223 0.000704
 0.948129 0.000502 0.050665 0.000704
 0.000704 0.000502 0.000502 0.998291
 0.041086 0.000502 0.957708 0.000704
 0.034145 0.084109 0.017223 0.864523
 0.017424 0.914487 0.033944 0.034145
 0.017424 0.981370 0.000502 0.000704
 0.914687 0.017223 0.000502 0.067588
 0.000704 0.033944 0.050665 0.914687

MOTIF 84-GGGAGGGAG STREME-84
letter-probability matrix: alength= 4 w= 9 nsites= 605 P= 1.1e-002
 0.000554 0.002717 0.996175 0.000554
 0.000554 0.035785 0.963107 0.000554
 0.000554 0.000396 0.983274 0.015776
 0.823920 0.089910 0.000396 0.085774
 0.000554 0.004363 0.700970 0.294113
 0.000554 0.001697 0.997195 0.000554
 0.000554 0.000396 0.896613 0.102438
 0.939881 0.018561 0.000396 0.041162
 0.000554 0.118143 0.845200 0.036104

MOTIF 85-CCAGSCTGG STREME-85
letter-probability matrix: alength= 4 w= 9 nsites= 314 P= 1.1e-002
 0.026518 0.928027 0.018936 0.026518
 0.026518 0.928027 0.018936 0.026518
 0.935609 0.018936 0.018936 0.026518
 0.026518 0.018936 0.928027 0.026518
 0.026518 0.473482 0.473482 0.026518
 0.026518 0.928027 0.018936 0.026518
 0.026518 0.018936 0.018936 0.935609
 0.026518 0.018936 0.928027 0.026518
 0.026518 0.018936 0.928027 0.026518

MOTIF 86-AYATTTATTGA STREME-86
letter-probability matrix: alength= 4 w= 11 nsites= 324 P= 1.2e-002
 0.824830 0.084767 0.090108 0.000295
 0.000295 0.375558 0.000210 0.623937
 0.849986 0.080823 0.068897 0.000295
 0.000295 0.000210 0.018006 0.981489
 0.000295 0.000210 0.000210 0.999284
 0.000295 0.038209 0.000210 0.961285
 0.839747 0.000210 0.159748 0.000295
 0.000295 0.000210 0.000210 0.999284
 0.000295 0.064496 0.000210 0.934999
 0.000295 0.000210 0.999200 0.000295
 0.999284 0.000210 0.000210 0.000295

MOTIF 87-CTCTGTCACC STREME-87
letter-probability matrix: alength= 4 w= 10 nsites= 259 P= 1.2e-002
 0.027981 0.971280 0.000308 0.000431
 0.082516 0.000308 0.025062 0.892114
 0.003220 0.996041 0.000308 0.000431
 0.018660 0.016099 0.001262 0.963979
 0.076322 0.000308 0.922939 0.000431
 0.000431 0.000308 0.000308 0.998953
 0.119439 0.879821 0.000308 0.000431
 0.746719 0.000308 0.252541 0.000431
 0.000431 0.998829 0.000308 0.000431
 0.000431 0.963195 0.035943 0.000431

MOTIF 88-AGTTTGAGA STREME-88
letter-probability matrix: alength= 4 w= 9 nsites= 210 P= 1.5e-002
 0.935609 0.018936 0.018936 0.026518
 0.026518 0.018936 0.928027 0.026518
 0.026518 0.018936 0.018936 0.935609
 0.026518 0.018936 0.018936 0.935609
 0.026518 0.018936 0.018936 0.935609
 0.026518 0.018936 0.928027 0.026518
 0.935609 0.018936 0.018936 0.026518
 0.026518 0.018936 0.928027 0.026518
 0.935609 0.018936 0.018936 0.026518

MOTIF 89-AATAAGCACATGAAAARAT STREME-89
letter-probability matrix: alength= 4 w= 19 nsites= 113 P= 1.6e-002
 0.951475 0.028818 0.000286 0.019422
 0.903921 0.000286 0.095393 0.000400
 0.105018 0.276098 0.000286 0.618598
 0.922942 0.000286 0.028818 0.047954
 0.999028 0.000286 0.000286 0.000400
 0.181105 0.000286 0.799188 0.019422
 0.047954 0.761146 0.047839 0.143061
 0.913432 0.047839 0.038329 0.000400
 0.009911 0.675548 0.000286 0.314255
 0.884899 0.019307 0.066861 0.028932
 0.028932 0.038329 0.000286 0.932453
 0.152572 0.057350 0.742124 0.047954
 0.894410 0.047839 0.057350 0.000400
 0.922942 0.009797 0.057350 0.009911
 0.941964 0.000286 0.038329 0.019422
 0.932453 0.000286 0.066861 0.000400
 0.333276 0.057350 0.561420 0.047954
 0.865878 0.000286 0.104904 0.028932
 0.181105 0.114414 0.000286 0.704195

MOTIF 90-CAACCTACAGAATGG STREME-90
letter-probability matrix: alength= 4 w= 15 nsites= 76 P= 1.6e-002
 0.039950 0.906573 0.013527 0.039950
 0.972393 0.000395 0.013527 0.013685
 0.919863 0.013527 0.039792 0.026818
 0.066215 0.919705 0.000395 0.013685
 0.013685 0.880308 0.013527 0.092480
 0.026818 0.052925 0.000395 0.919863
 0.893598 0.000395 0.092323 0.013685
 0.000553 0.919705 0.000395 0.079348
 0.946128 0.000395 0.013527 0.039950
 0.066215 0.026660 0.893440 0.013685
 0.919863 0.013527 0.052924 0.013685
 0.919863 0.000395 0.052924 0.026818
 0.000553 0.026660 0.013527 0.959261
 0.079347 0.000395 0.906573 0.013685
 0.039950 0.039792 0.880308 0.039950

MOTIF 91-TAGCCAAGTTGTGAAT STREME-91
letter-probability matrix: alength= 4 w= 16 nsites= 49 P= 1.6e-002
 0.000777 0.074431 0.000555 0.924237
 0.924237 0.019024 0.000555 0.056184
 0.074653 0.019024 0.868608 0.037715
 0.056184 0.924015 0.000555 0.019246
 0.074653 0.813202 0.037493 0.074653
 0.942706 0.037493 0.000555 0.019246
 0.961175 0.019024 0.019024 0.000777
 0.000777 0.055962 0.924015 0.019246
 0.056184 0.055962 0.000555 0.887299
 0.056184 0.019024 0.055962 0.868831
 0.111590 0.000555 0.887077 0.000777
 0.093122 0.000555 0.129837 0.776486
 0.056184 0.000555 0.868608 0.074653
 0.942706 0.019024 0.000555 0.037715
 0.610266 0.092899 0.037493 0.259341
 0.056184 0.037493 0.000555 0.905768

MOTIF 92-ATTTTGTATCCTGARACTTTG STREME-92
letter-probability matrix: alength= 4 w= 21 nsites= 39 P= 1.6e-002
 0.968639 0.000855 0.000855 0.029651
 0.086558 0.057762 0.029309 0.826371
 0.001197 0.114669 0.000855 0.883278
 0.001197 0.000855 0.000855 0.997092
 0.001197 0.029309 0.000855 0.968639
 0.001197 0.000855 0.996750 0.001197
 0.029651 0.000855 0.000855 0.968639
 0.797917 0.029309 0.171577 0.001197
 0.086558 0.029309 0.000855 0.883278
 0.029651 0.740668 0.086216 0.143465
 0.001197 0.882936 0.000855 0.115012
 0.029651 0.086216 0.057762 0.826371
 0.058105 0.000855 0.939843 0.001197
 0.797917 0.200030 0.000855 0.001197
 0.428001 0.029309 0.484585 0.058105
 0.911732 0.029309 0.057762 0.001197
 0.029651 0.911389 0.057762 0.001197
 0.001197 0.143123 0.000855 0.854824
 0.086558 0.000855 0.000855 0.911732
 0.115012 0.000855 0.029309 0.854824
 0.257280 0.000855 0.740668 0.001197

MOTIF 93-AACCACCRT STREME-93
letter-probability matrix: alength= 4 w= 9 nsites= 290 P= 1.9e-002
 0.936907 0.000611 0.000611 0.061871
 0.997922 0.000611 0.000611 0.000856
 0.000856 0.997677 0.000611 0.000856
 0.009297 0.617236 0.168161 0.205306
 0.957245 0.000611 0.041287 0.000856
 0.000856 0.947628 0.000611 0.050905
 0.000856 0.746263 0.252025 0.000856
 0.660534 0.000611 0.337998 0.000856
 0.000856 0.000611 0.000611 0.997922

MOTIF 94-GATATGGTTTGGCTGTG STREME-94
letter-probability matrix: alength= 4 w= 17 nsites= 123 P= 1.9e-002
 0.000575 0.014082 0.971096 0.014246
 0.930247 0.055096 0.014082 0.000575
 0.000575 0.055096 0.000411 0.943918
 0.930246 0.000411 0.000411 0.068932
 0.041588 0.014082 0.014082 0.930248
 0.068931 0.000411 0.916412 0.014246
 0.082601 0.014082 0.889070 0.014246
 0.027917 0.014082 0.041425 0.916576
 0.027917 0.014082 0.000411 0.957590
 0.027917 0.000411 0.014082 0.957590
 0.014246 0.000411 0.971096 0.014246
 0.041588 0.068768 0.807042 0.082602
 0.041588 0.943754 0.000411 0.014246
 0.260327 0.027753 0.000411 0.711509
 0.068930 0.109783 0.725014 0.096273
 0.014246 0.027753 0.000411 0.957590
 0.123616 0.014082 0.848056 0.014246

MOTIF 95-ATCTGACWAAG STREME-95
letter-probability matrix: alength= 4 w= 11 nsites= 55 P= 1.9e-002
 0.997014 0.000878 0.000878 0.001230
 0.001230 0.000878 0.000878 0.997014
 0.001230 0.996662 0.000878 0.001230
 0.001230 0.013007 0.000878 0.984885
 0.001230 0.000878 0.996662 0.001230
 0.997014 0.000878 0.000878 0.001230
 0.001230 0.996662 0.000878 0.001230
 0.587843 0.000878 0.030102 0.381177
 0.997014 0.000878 0.000878 0.001230
 0.997014 0.000878 0.000878 0.001230
 0.001230 0.000878 0.996662 0.001230

MOTIF 96-CAGCAGCAGC STREME-96
letter-probability matrix: alength= 4 w= 10 nsites= 267 P= 2.2e-002
 0.000525 0.843322 0.000375 0.155778
 0.693001 0.170154 0.136320 0.000525
 0.000525 0.000375 0.998575 0.000525
 0.000525 0.922544 0.000375 0.076556
 0.809688 0.130380 0.059407 0.000525
 0.000525 0.000375 0.998575 0.000525
 0.000525 0.998575 0.000375 0.000525
 0.874155 0.124945 0.000375 0.000525
 0.000525 0.000375 0.998575 0.000525
 0.000525 0.998575 0.000375 0.000525

MOTIF 97-AGGGTTTCA STREME-97
letter-probability matrix: alength= 4 w= 9 nsites= 233 P= 2.3e-002
 0.935609 0.018936 0.018936 0.026518
 0.026518 0.018936 0.928027 0.026518
 0.026518 0.018936 0.928027 0.026518
 0.026518 0.018936 0.928027 0.026518
 0.026518 0.018936 0.018936 0.935609
 0.026518 0.018936 0.018936 0.935609
 0.026518 0.018936 0.018936 0.935609
 0.026518 0.928027 0.018936 0.026518
 0.935609 0.018936 0.018936 0.026518

MOTIF 98-AAATAAAATAAAA STREME-98
letter-probability matrix: alength= 4 w= 13 nsites= 246 P= 2.7e-002
 0.999206 0.000233 0.000233 0.000327
 0.890726 0.000233 0.000233 0.108807
 0.635483 0.120368 0.243822 0.000327
 0.000327 0.237308 0.044785 0.717580
 0.968479 0.030961 0.000233 0.000327
 0.989942 0.000233 0.009498 0.000327
 0.988214 0.011225 0.000233 0.000327
 0.818813 0.105604 0.000233 0.075350
 0.000327 0.155413 0.000233 0.844027
 0.970600 0.028840 0.000233 0.000327
 0.849851 0.016692 0.133131 0.000327
 0.952233 0.024641 0.000233 0.022893
 0.999206 0.000233 0.000233 0.000327

MOTIF 99-ATTAAATGAGATA STREME-99
letter-probability matrix: alength= 4 w= 13 nsites= 169 P= 2.9e-002
 0.848228 0.000234 0.120105 0.031433
 0.000327 0.023562 0.000234 0.975877
 0.071419 0.147984 0.000234 0.780363
 0.991429 0.000234 0.008010 0.000327
 0.936271 0.063168 0.000234 0.000327
 0.850731 0.008010 0.133155 0.008103
 0.000327 0.000234 0.000234 0.999205
 0.020083 0.000234 0.979356 0.000327
 0.970604 0.000234 0.015786 0.013376
 0.170089 0.023562 0.762414 0.043934
 0.722651 0.008010 0.000234 0.269106
 0.000327 0.052165 0.000234 0.947274
 0.758485 0.046546 0.179089 0.015880

MOTIF 100-ATCACTAATCATT STREME-100
letter-probability matrix: alength= 4 w= 13 nsites= 77 P= 3.1e-002
 0.938122 0.015537 0.045706 0.000635
 0.000635 0.000453 0.000453 0.998459
 0.015719 0.983193 0.000453 0.000635
 0.983375 0.015537 0.000453 0.000635
 0.030803 0.877603 0.030621 0.060973
 0.015719 0.015537 0.000453 0.968290
 0.794201 0.008607 0.166389 0.030803
 0.923037 0.030622 0.045706 0.000635
 0.003541 0.060790 0.000453 0.935216
 0.030803 0.937940 0.030622 0.000635
 0.962030 0.000453 0.030621 0.006895
 0.091140 0.015537 0.000453 0.892869
 0.030803 0.241812 0.000453 0.726932

MOTIF 101-AACCCCATTAAAAARTGG STREME-101
letter-probability matrix: alength= 4 w= 18 nsites= 67 P= 3.1e-002
 0.978020 0.000599 0.000599 0.020782
 0.958078 0.000599 0.040484 0.000839
 0.060666 0.818241 0.020542 0.100551
 0.040724 0.937895 0.000599 0.020782
 0.000839 0.977780 0.000599 0.020782
 0.180320 0.778357 0.020542 0.020782
 0.978020 0.000599 0.020542 0.000839
 0.000839 0.000599 0.020542 0.978020
 0.040724 0.060426 0.040484 0.858366
 0.918193 0.020542 0.060427 0.000839
 0.958078 0.000599 0.000599 0.040724
 0.958078 0.020542 0.000599 0.020782
 0.918193 0.020542 0.020542 0.040724
 0.958078 0.040484 0.000599 0.000839
 0.459513 0.000599 0.439337 0.100551
 0.060666 0.140195 0.080369 0.718770
 0.120494 0.000599 0.818240 0.060666
 0.020782 0.000599 0.937895 0.040724

MOTIF 102-CCCATAATYCCCAYRTGTY STREME-102
letter-probability matrix: alength= 4 w= 19 nsites= 51 P= 3.1e-002
 0.000953 0.997413 0.000681 0.000953
 0.046259 0.816189 0.000681 0.136871
 0.000953 0.974760 0.000681 0.023606
 0.929726 0.045987 0.023334 0.000953
 0.000953 0.091292 0.023334 0.884421
 0.929726 0.000681 0.045987 0.023606
 0.997685 0.000681 0.000681 0.000953
 0.000953 0.045987 0.023334 0.929726
 0.000953 0.544353 0.000681 0.454013
 0.046259 0.929454 0.000681 0.023606
 0.000953 0.952107 0.000681 0.046259
 0.000953 0.906801 0.000681 0.091565
 0.952379 0.045987 0.000681 0.000953
 0.000953 0.634965 0.000681 0.363400
 0.431361 0.023334 0.521699 0.023606
 0.046259 0.045987 0.000681 0.907074
 0.046259 0.000681 0.906801 0.046259
 0.000953 0.045987 0.000681 0.952379
 0.000953 0.453741 0.091292 0.454013

MOTIF 103-AGGCTTTGGCTTAAGGGAA STREME-103
letter-probability matrix: alength= 4 w= 19 nsites= 44 P= 3.1e-002
 0.943405 0.027731 0.027731 0.001133
 0.028055 0.000809 0.970003 0.001133
 0.216508 0.000809 0.781550 0.001133
 0.081899 0.862316 0.000809 0.054977
 0.001133 0.054653 0.000809 0.943405
 0.001133 0.000809 0.027731 0.970327
 0.001133 0.108497 0.000809 0.889561
 0.189586 0.000809 0.781550 0.028055
 0.054977 0.027731 0.916159 0.001133
 0.001133 0.889237 0.027731 0.081899
 0.001133 0.027731 0.000809 0.970327
 0.054977 0.054653 0.108497 0.781874
 0.997249 0.000809 0.000809 0.001133
 0.889561 0.027731 0.081575 0.001133
 0.135742 0.000809 0.862316 0.001133
 0.243430 0.000809 0.754628 0.001133
 0.001133 0.000809 0.996925 0.001133
 0.862639 0.027731 0.054653 0.054977
 0.862639 0.054653 0.054653 0.028055

MOTIF 104-GGATTTGAACC STREME-104
letter-probability matrix: alength= 4 w= 11 nsites= 48 P= 3.1e-002
 0.001584 0.001131 0.995700 0.001584
 0.001584 0.001131 0.995700 0.001584
 0.996153 0.001131 0.001131 0.001584
 0.001584 0.001131 0.001131 0.996153
 0.001584 0.001131 0.001131 0.996153
 0.001584 0.280304 0.001131 0.716980
 0.001584 0.001131 0.995700 0.001584
 0.996153 0.001131 0.001131 0.001584
 0.996153 0.001131 0.001131 0.001584
 0.001584 0.995700 0.001131 0.001584
 0.001584 0.995700 0.001131 0.001584

MOTIF 105-GTGGAGCAGTCAGAACAC STREME-105
letter-probability matrix: alength= 4 w= 18 nsites= 42 P= 3.1e-002
 0.031441 0.000907 0.936212 0.031441
 0.001270 0.031078 0.000907 0.966746
 0.061611 0.000907 0.906041 0.031441
 0.031441 0.000907 0.936212 0.031441
 0.906404 0.031078 0.061248 0.001270
 0.152124 0.000907 0.845699 0.001270
 0.061611 0.845699 0.031078 0.061611
 0.966746 0.000907 0.031078 0.001270
 0.061611 0.000907 0.906041 0.031441
 0.031441 0.000907 0.000907 0.966746
 0.001270 0.845699 0.000907 0.152124
 0.996917 0.000907 0.000907 0.001270
 0.031441 0.000907 0.936212 0.031441
 0.966746 0.000907 0.031078 0.001270
 0.876233 0.000907 0.091420 0.031441
 0.031441 0.906041 0.031078 0.031441
 0.936575 0.000907 0.031078 0.031441
 0.091782 0.694843 0.000907 0.212468

MOTIF 106-TGTCTTTATYAGCAGCRTGA STREME-106
letter-probability matrix: alength= 4 w= 20 nsites= 41 P= 3.1e-002
 0.001197 0.057762 0.000855 0.940185
 0.029651 0.000855 0.968296 0.001197
 0.001197 0.029309 0.000855 0.968639
 0.001197 0.911389 0.029309 0.058105
 0.001197 0.000855 0.029309 0.968639
 0.001197 0.000855 0.000855 0.997092
 0.001197 0.000855 0.000855 0.997092
 0.940185 0.057762 0.000855 0.001197
 0.001197 0.029309 0.029309 0.940185
 0.001197 0.399218 0.029309 0.570276
 0.940185 0.000855 0.029309 0.029651
 0.029651 0.000855 0.968296 0.001197
 0.001197 0.911389 0.029309 0.058105
 0.968639 0.000855 0.029309 0.001197
 0.058105 0.000855 0.939843 0.001197
 0.001197 0.683757 0.000855 0.314191
 0.570283 0.000855 0.427664 0.001197
 0.058105 0.000855 0.000855 0.940185
 0.058105 0.086216 0.826028 0.029651
 0.968639 0.000855 0.029309 0.001197

MOTIF 107-ACAATCATGGC STREME-107
letter-probability matrix: alength= 4 w= 11 nsites= 47 P= 3.1e-002
 0.996501 0.001029 0.001029 0.001441
 0.001441 0.996089 0.001029 0.001441
 0.941457 0.001029 0.035268 0.022247
 0.996501 0.001029 0.001029 0.001441
 0.001441 0.001029 0.001029 0.996501
 0.001441 0.996089 0.001029 0.001441
 0.928023 0.001029 0.069507 0.001441
 0.001441 0.069507 0.001029 0.928023
 0.206884 0.035268 0.756408 0.001441
 0.001441 0.001029 0.996089 0.001441
 0.001441 0.996089 0.001029 0.001441

MOTIF 108-GTAGGTAC STREME-108
letter-probability matrix: alength= 4 w= 8 nsites= 821 P= 3.2e-002
 0.000547 0.000390 0.998516 0.000547
 0.000547 0.000390 0.000390 0.998672
 0.968020 0.006078 0.000390 0.025511
 0.220211 0.005223 0.774019 0.000547
 0.169941 0.107329 0.622105 0.100625
 0.000547 0.000390 0.000390 0.998672
 0.997589 0.000390 0.000390 0.001630
 0.000547 0.782482 0.216424 0.000547

MOTIF 109-AAAAGACAAATAC STREME-109
letter-probability matrix: alength= 4 w= 13 nsites= 67 P= 3.3e-002
 0.853571 0.000543 0.127053 0.018833
 0.980081 0.000543 0.000543 0.018833
 0.998153 0.000543 0.000543 0.000761
 0.820496 0.000543 0.142056 0.036905
 0.000761 0.000543 0.943718 0.054978
 0.998153 0.000543 0.000543 0.000761
 0.000761 0.997936 0.000543 0.000761
 0.998153 0.000543 0.000543 0.000761
 0.943936 0.036688 0.018615 0.000761
 0.925864 0.018615 0.036688 0.018833
 0.000761 0.030870 0.000543 0.967826
 0.962009 0.000543 0.036688 0.000761
 0.103383 0.804949 0.090907 0.000761

MOTIF 110-AAAATAACARATGYTGG STREME-110
letter-probability matrix: alength= 4 w= 17 nsites= 100 P= 3.5e-002
 0.977906 0.021336 0.000316 0.000442
 0.799232 0.178990 0.010826 0.010953
 0.872803 0.021336 0.084398 0.021463
 0.956885 0.000316 0.000316 0.042483
 0.031973 0.168480 0.000316 0.799232
 0.956885 0.010826 0.010826 0.021463
 0.820252 0.073887 0.021336 0.084524
 0.021463 0.788595 0.000316 0.189627
 0.998926 0.000316 0.000316 0.000442
 0.357790 0.021336 0.620431 0.000442
 0.683619 0.010826 0.294602 0.010953
 0.010953 0.000316 0.000316 0.988416
 0.105545 0.021336 0.820126 0.052994
 0.000442 0.462775 0.000316 0.536467
 0.000442 0.010826 0.021336 0.967395
 0.116055 0.000316 0.883187 0.000442
 0.010953 0.010826 0.914718 0.063504

MOTIF 111-CAAGTTACTTA STREME-111
letter-probability matrix: alength= 4 w= 11 nsites= 255 P= 3.6e-002
 0.026498 0.898983 0.033329 0.041190
 0.949283 0.000270 0.000270 0.050177
 0.873850 0.098739 0.000270 0.027142
 0.054950 0.000270 0.944402 0.000378
 0.022085 0.055312 0.013400 0.909203
 0.046596 0.083970 0.000270 0.869164
 0.911764 0.031528 0.056331 0.000378
 0.020495 0.936842 0.000270 0.042393
 0.028620 0.062791 0.078763 0.829825
 0.034448 0.000270 0.020387 0.944895
 0.961852 0.000270 0.037500 0.000378

MOTIF 112-GCAAATATT STREME-112
letter-probability matrix: alength= 4 w= 9 nsites= 2911 P= 3.7e-002
 0.039061 0.000232 0.929328 0.031380
 0.000325 0.674191 0.042059 0.283425
 0.981607 0.000232 0.003492 0.014669
 0.900513 0.000232 0.079598 0.019657
 0.868920 0.007989 0.113305 0.009787
 0.000325 0.012801 0.008003 0.978871
 0.787392 0.000232 0.212051 0.000325
 0.008369 0.120012 0.000232 0.871388
 0.022641 0.131808 0.022209 0.823341

MOTIF 113-AGGATGTGGAGA STREME-113
letter-probability matrix: alength= 4 w= 12 nsites= 120 P= 3.8e-002
 0.916438 0.027808 0.027809 0.027945
 0.114214 0.034461 0.816727 0.034598
 0.000479 0.000342 0.998701 0.000479
 0.822088 0.045835 0.000342 0.131735
 0.000479 0.100766 0.000342 0.898414
 0.091468 0.000342 0.907711 0.000479
 0.017093 0.068580 0.000342 0.913985
 0.018000 0.016435 0.923256 0.042309
 0.019564 0.032080 0.947878 0.000479
 0.887037 0.034461 0.011715 0.066787
 0.000479 0.000342 0.987328 0.011852
 0.839612 0.079956 0.023088 0.057344

MOTIF 114-TTAAAAAAAAAAA STREME-114
letter-probability matrix: alength= 4 w= 13 nsites= 121 P= 3.9e-002
 0.026518 0.018936 0.018936 0.935609
 0.026518 0.018936 0.018936 0.935609
 0.935609 0.018936 0.018936 0.026518
 0.935609 0.018936 0.018936 0.026518
 0.935609 0.018936 0.018936 0.026518
 0.935609 0.018936 0.018936 0.026518
 0.935609 0.018936 0.018936 0.026518
 0.935609 0.018936 0.018936 0.026518
 0.935609 0.018936 0.018936 0.026518
 0.935609 0.018936 0.018936 0.026518
 0.935609 0.018936 0.018936 0.026518
 0.935609 0.018936 0.018936 0.026518
 0.935609 0.018936 0.018936 0.026518

MOTIF 115-ATTAGCCG STREME-115
letter-probability matrix: alength= 4 w= 8 nsites= 116 P= 4.8e-002
 0.935609 0.018936 0.018936 0.026518
 0.026518 0.018936 0.018936 0.935609
 0.026518 0.018936 0.018936 0.935609
 0.935609 0.018936 0.018936 0.026518
 0.026518 0.018936 0.928027 0.026518
 0.026518 0.928027 0.018936 0.026518
 0.026518 0.928027 0.018936 0.026518
 0.026518 0.018936 0.928027 0.026518

MOTIF 116-GTGCAGGTTTGTTACATA STREME-116
letter-probability matrix: alength= 4 w= 18 nsites= 88 P= 6.2e-002
 0.144830 0.000361 0.818221 0.036587
 0.012533 0.036442 0.012388 0.938636
 0.216993 0.000361 0.782140 0.000506
 0.048614 0.806195 0.048469 0.096722
 0.986744 0.000361 0.012388 0.000506
 0.036587 0.000361 0.962545 0.000506
 0.072668 0.000361 0.926465 0.000506
 0.000506 0.000361 0.000361 0.998771
 0.000506 0.000361 0.024415 0.974717
 0.132807 0.048469 0.000361 0.818362
 0.012533 0.012388 0.962545 0.012533
 0.000506 0.012388 0.000361 0.986744
 0.241046 0.012388 0.000361 0.746204
 0.746204 0.012388 0.240902 0.000506
 0.000506 0.866330 0.012388 0.120776
 0.698096 0.289009 0.000361 0.012533
 0.072668 0.084551 0.012388 0.830393
 0.830394 0.012388 0.144685 0.012533

MOTIF 117-GCAAAGGACATGAWC STREME-117
letter-probability matrix: alength= 4 w= 15 nsites= 62 P= 6.2e-002
 0.086101 0.085896 0.741902 0.086101
 0.024882 0.973886 0.000513 0.000719
 0.929949 0.034666 0.034666 0.000719
 0.981179 0.000513 0.017590 0.000719
 0.947026 0.017590 0.000513 0.034872
 0.137331 0.000513 0.861438 0.000719
 0.034872 0.017590 0.946820 0.000719
 0.964102 0.000513 0.034666 0.000719
 0.000719 0.912667 0.000513 0.086101
 0.947026 0.051743 0.000513 0.000719
 0.000719 0.068819 0.000513 0.929949
 0.051948 0.085896 0.861437 0.000719
 0.964102 0.017590 0.000513 0.017795
 0.366415 0.000513 0.000513 0.632559
 0.051948 0.598201 0.102972 0.246878

MOTIF 118-TGAATGTACTTAAT STREME-118
letter-probability matrix: alength= 4 w= 14 nsites= 78 P= 1.1e-001
 0.015364 0.015187 0.000443 0.969006
 0.000620 0.059418 0.939341 0.000620
 0.983750 0.000443 0.015187 0.000620
 0.895287 0.044674 0.059418 0.000620
 0.000620 0.029931 0.015187 0.954262
 0.133317 0.000443 0.850876 0.015364
 0.015364 0.088908 0.000443 0.895285
 0.969006 0.029931 0.000443 0.000620
 0.025362 0.811389 0.029931 0.133318
 0.000620 0.000443 0.015187 0.983750
 0.044852 0.015187 0.000443 0.939518
 0.969006 0.000443 0.000443 0.030108
 0.998493 0.000443 0.000443 0.000620
 0.015364 0.295324 0.000443 0.688869

********************************************************************************
Stopped because 3 consecutive motifs exceeded the p-value threshold (0.05).
********************************************************************************
COMMAND:	streme --p T95R.201bp.fa --oc T95R.201bp --maxw 21
********************************************************************************
CPU:		GPURTX
********************************************************************************
FINALTIME:	39511.73 seconds
********************************************************************************
