loss
0.7254148701603493
0.6994730925018137
0.692199210551652
0.6877029558474367
0.6796394742347978
0.6654673604802652
0.647078359668905
0.6279505491256714
0.6124828085303307
0.5989143442023884
0.5843975462696769
0.5705523274161599
0.5624372325837612
0.5455026203258471
0.5348220487887209
0.5245265943760221
0.5161829313093965
0.5079448067329146
0.49846129017797386
0.49115322157740593
0.47911064428361977
0.47094156457619235
0.466883007098328
0.4558708742260933
0.4529523971405896
0.4463451447134668
0.4373589154671539
0.43080517344854097
0.4228115792978894
0.41867352344773034
0.41534402255307545
0.41299572214484215
0.40746041996912524
0.395791254598986
0.3961608609692617
0.3895940811119296
0.3882584175602956
0.3798954459753903
0.3786949405277317
