loss
0.7076375125205681
0.6941287343700727
0.6904289416140981
0.6866849255230691
0.6820684091912376
0.6767303264803357
0.668188114133146
0.657963463001781
0.6504216690858206
0.6367374774482515
0.624686260190275
0.6179160426060358
0.6030169634355439
0.5934882420632575
0.5805115790830718
0.5701782699260447
0.5608932818803523
0.549302907453643
0.5359901881052388
0.5303595148854785
0.5136488390465578
0.509440369076199
0.5017336946394708
0.493158341695865
0.4820177906917201
0.4688169029023912
0.4646977484226227
0.457784509493245
0.4532901487416691
0.44122132824526894
0.44170133935080635
0.4305785215563244
