loss
0.5848931766056514
0.4998762266933918
0.4896638636291027
0.48764046806097033
0.48228975281119346
0.4823259020149708
0.4772406841814518
0.4763903863132
0.47116319873929025
0.4692355417907238
0.46771120351552964
0.4667316226065159
0.4651058654487133
0.46541197052598
0.4633898568153381
0.462551079005003
0.46220954781770707
0.4610362251996994
0.4605294528901577
0.46025301051139833
0.4592391991913319
0.4579345926642418
0.4587407938838005
0.4572162685394287
0.45850357264280317
0.4567298983335495
0.45765509048104286
0.4546026306450367
0.4567867109179497
0.4558748760819435
0.4559945058524609
0.45484959813952447
0.4541806840002537
0.4536918348670006
0.4534391786158085
0.4532800966501236
0.45348242434859276
0.4537184424698353
0.45235325235128404
0.4515427752435207
0.45286808905005455
0.4516693485081196
0.45147406032681464
0.4510391155779362
0.450471170604229
0.4523475053310394
0.4495537192225456
0.45064024737477304
0.45020020624995233
0.4512303581237793
0.44941046392917633
0.44997104117274284
0.4497274565696716
0.449150949627161
0.4486008522212505
0.44804546520113947
0.44882851344347
0.44902462834119794
0.449337100148201
0.44659000244736674
0.4498085759878159
0.447798249155283
0.44833125549554825
0.4458374847769737
0.4484242339134216
0.445352813154459
0.44913171663880347
