loss
0.46389102935791016
0.4520368093290012
0.45184525715538415
0.4516851469820484
0.4514680857177335
0.45133865614344315
0.4512361153194475
0.4510403147030469
0.45086215931502965
0.4505020770604868
0.45015831871837475
0.44998500915380873
0.4499012592879691
0.44957283997420994
0.4493186061468774
0.4490824129966585
0.4491810211252696
0.44885407679359035
0.44901037113069225
0.4488475138352917
0.4487937978013566
0.44855518998066035
0.44843610712877924
0.448370542690704
0.44832343029148514
0.4482634631426336
